ENSMUSG00000008575	ENSMUSG00000005583	ENSMUSG00000040732	ENSMUSG00000025959	ENSMUSG00000000317	ENSMUSG00000020160	ENSMUSG00000064141	ENSMUSG00000032035	ENSMUSG00000050919	ENSMUSG00000031627	ENSMUSG00000069378	ENSMUSG00000044167	ENSMUSG00000031103	ENSMUSG00000025529	ENSMUSG00000029553	ENSMUSG00000006311	ENSMUSG00000055435	ENSMUSG00000022895	ENSMUSG00000053477	ENSMUSG00000018604	ENSMUSG00000008398	ENSMUSG00000029178	ENSMUSG00000024238	ENSMUSG00000027684	ENSMUSG00000062327	ENSMUSG00000028565	ENSMUSG00000000078	ENSMUSG00000023902	ENSMUSG00000027583	ENSMUSG00000028163	ENSMUSG00000038227	ENSMUSG00000024985	ENSMUSG00000053007	ENSMUSG00000022150	ENSMUSG00000040929	ENSMUSG00000046470	ENSMUSG00000024406	ENSMUSG00000020484	ENSMUSG00000000094	ENSMUSG00000024140	ENSMUSG00000063632	ENSMUSG00000044220	ENSMUSG00000025902	ENSMUSG00000026628	ENSMUSG00000040270	ENSMUSG00000020185	ENSMUSG00000057098	ENSMUSG00000038236	ENSMUSG00000055148	ENSMUSG00000027210	ENSMUSG00000030788	ENSMUSG00000042439	ENSMUSG00000048402	ENSMUSG00000032446	ENSMUSG00000030341	ENSMUSG00000027361	ENSMUSG00000027547	ENSMUSG00000000938	ENSMUSG00000068551	ENSMUSG00000018698	ENSMUSG00000058881	ENSMUSG00000055799	ENSMUSG00000028466	ENSMUSG00000071637	ENSMUSG00000048410	ENSMUSG00000040433	ENSMUSG00000034041	ENSMUSG00000021877	ENSMUSG00000047003	ENSMUSG00000007805	ENSMUSG00000079277	ENSMUSG00000075040	ENSMUSG00000055053	ENSMUSG00000033713	ENSMUSG00000026436	ENSMUSG00000016087	ENSMUSG00000056758	ENSMUSG00000075588	ENSMUSG00000026104	ENSMUSG00000038700	ENSMUSG00000026398	ENSMUSG00000036139	ENSMUSG00000021972	ENSMUSG00000021506	ENSMUSG00000037465	ENSMUSG00000023079	ENSMUSG00000099083	ENSMUSG00000038210	ENSMUSG00000019564	ENSMUSG00000034762	ENSMUSG00000062991	ENSMUSG00000022346	ENSMUSG00000019256	ENSMUSG00000026890	ENSMUSG00000002393	ENSMUSG00000038151	ENSMUSG00000015522	ENSMUSG00000040289	ENSMUSG00000030544	ENSMUSG00000030199
ENSMUSG00000008575	0	0	0	0	0	1.27134234251093	0	0	0	7.92468421248317	0	0	0	0	0	0	0	0	0	0	0	0	0	0	0	12.8175669557262	10.871490841645	0	0	0	0	0	0	0	0	0	0	0	0	7.63256650592089	0	0	0	0	0	0	0	0	0	2.02863536620405	0	0	0	12.5116077968397	0	0	0	0	0	0	0	0	0	0	0	0	0	0	0	0	0	0	0	0	0	0	6.18924007581104	0	0	0	0	0	0	0	0	0	0	0	0	0	7.54191640871301	0	0	0	0	0	0	0	6.44550008163745	0
ENSMUSG00000005583	8.76713046678371	0	0	0	0	10.0319960843652	0	10.0645641114521	0	10.0211117229465	7.58985908042638	8.16194751399511	0	6.88916068964297	0	0	5.00421167083179	0	6.0243911459739	10.3439963343721	7.27942078543536	0	10.2111221946109	9.06108926411342	0	4.10421746254134	3.13458341993185	13.2644600661286	0	0	0	8.5338681578712	9.77244580694845	0	8.29063057183808	0	12.0525328122504	0	13.7955736283596	0.900622561011601	0	0	0	0	10.18387333202	0	6.75063410379432	0	0	9.18933835441226	0	0	0	7.68612692110273	0	0	0	0	0	4.36576537505779	0	0	0	0	0	0	0	0	0	2.63384873098456	8.02822693249692	0	9.47084036508138	0	0	1.78898995997767	12.5641146522011	0	0	0	4.72005825705863	0	0	0	0	0	0	0	0	4.40501579984026	8.45037995828158	0	0	0	0	3.43500361912818	0	0	0	0
ENSMUSG00000040732	15.1552204369261	10.5487681456912	0	0	0	11.0547700535094	0	0	0	12.449973546669	14.4812694476223	10.0757274736994	0	0	0	0	0	0	5.42324154588125	0	14.909697657893	0	9.16220784926085	0	0	10.1061992806717	0	9.53481027080827	0	0	0	0	0	4.56001237903174	8.15767806773461	0	12.243491713806	0	0	0	0	0	19.5697929705568	0	2.24758451548199	0	0	0	0	0	0	0	0	8.04446634167487	0	0	0	0	0	11.2972450333651	0	0	0	0	0	0	0	0	0	0	0	0	11.4880219862471	0	0	0	0.585709970246158	0	0	0	0	0	0	0	0	0	0	0	0	5.90701948486563	2.9107004933228	0	0	0	0	0	0	0	0	0
ENSMUSG00000025959	0	0	0	0	0	0	0	0	0	0	0	0	0	0	0	0	0	0	0	0	0	0	0	0	0	0	0	0	0	0	0	0	0	0	0	0	0	0	0	0	0	0	0	0	0	0	0	0	0	0	0	0	0	0	0	0	0	0	0	0	0	0	0	0	0	0	0	0	0	0	0	0	0	0	0	0	0	0	0	0	0	0	0	0	0	0	0	0	0	0	0	0	0	0	0	0	0	0	0	0
ENSMUSG00000000317	0	0	0	0	0	0	0	0	0	0	0	0	0	0	0	0	0	0	0	0	0	0	0	0	0	0	0	0	0	0	0	0	0	0	0	0	0	0	0	0	0	0	0	0	0	0	0	0	0	0	0	0	0	0	0	0	0	0	0	0	0	0	0	0	0	0	0	0	0	0	0	0	0	0	0	0	0	0	0	0	0	0	0	0	0	0	0	0	0	0	0	0	0	0	0	0	0	0	0	0
ENSMUSG00000020160	0	0	0	0	0	0	0	0	0	0	0	3.88567538140646	0	1.61993040772378	0	0	3.66227093413732	0	13.8203674843061	0	0	0	0	0	0	2.1720251273876	0	0	0	0	0.323422172850054	0	0	0	0	0	0	0	5.75114264074796	2.36396516970937	0	0	0	0	10.8093527609787	0	0	0.436003123517261	0	0	0	0	0	0	0	0	0	0	0	0	0	0	0	0	0	0	0	0	0	0	5.32278930810445	0	0	0	0	0	0	0	0	0	0	0	0	0	0	0	0	0	0	0	9.33912497908889	0	0	0	0	0	0	0	0	0
ENSMUSG00000064141	0	0	0	0	0	0	0	0	0	0	0	0	0	0	0	0	0	0	0	0	0	0	0	0	0	0	0	0	0	0	0	0	0	0	0	0	0	0	0	0	0	0	0	0	0	0	0	0	0	0	0	0	0	0	0	0	0	0	0	0	0	0	0	0	0	0	0	0	0	0	0	0	0	0	0	0	0	0	0	0	0	0	0	0	0	0	0	0	0	0	0	0	0	0	0	0	0	0	0	0
ENSMUSG00000032035	12.418964016451	8.70901971390389	0	0	0	5.00946346199073	0	0	0	9.1119540558732	0.617187385855274	10.814436427156	0	0	0	0	15.2061484512479	0	14.1137016750734	4.4177828201138	10.8449073381683	0	11.2795418094566	8.29139531136562	0	6.71354585721896	8.82587868649859	0.373329081264943	0	0	4.24616122029532	6.35334423264494	7.31167281130607	0	2.78568964137017	0	4.56936193011998	0	9.1178165399107	3.23904396801212	0	0	1.98409973737752	0	14.6877678438213	0	5.49069493860093	9.93251278470663	0	2.33342437774237	0	0	0	3.49254515579267	0	0	0	0	0	0.646758902870104	0	0	0	0	0	0	0	0	0	3.56128399702718	0.479987439250201	0	7.88982268292818	0	0	13.1766272268197	8.30899820487373	0	0	0	0	0	0	0	0	0	0	0	0	2.89418532117227	1.97654002867793	0	0	0	0	0	0	0	0	0
ENSMUSG00000050919	0	0	0	0	0	0	0	0	0	0	0	0	0	0	0	0	0	0	0	0	0	0	0	0	0	0	0	0	0	0	0	0	0	0	0	0	0	0	0	0	0	0	0	0	0	0	0	0	0	0	0	0	0	0	0	0	0	0	0	0	0	0	0	0	0	0	0	0	0	0	0	0	0	0	0	0	0	0	0	0	0	0	0	0	0	0	0	0	0	0	0	0	0	0	0	0	0	0	0	0
ENSMUSG00000031627	10.0647577163199	10.5326778140295	19.093130773784	0	0	6.89218771679364	0	15.84490602553	0	0	0	11.520565093982	0	6.55849668787731	0	0	0	0	12.2904064528267	8.54936430710395	9.59142249484734	0	11.8797937617293	11.3950186089822	0	7.78696964038279	4.26470776160803	0	0	0	5.83111506267546	6.67440962003582	2.4325642130977	4.85978840987091	6.67311055349563	0	0	0	0	0	0	0	0	0	0.885347895927817	0	0.599219949379792	1.44274945408484	0	0.473416047971104	0	0	0	6.82688788008237	0	0	0	0	0	13.1896591106906	0	0	0	0	0	0	0	0	0	8.50196070971064	1.39316709664395	0	9.39987697556354	0	0	16.0838726627433	0	0	0	0	16.6827757901192	0	0	0	0	0	0	0	0	0	2.3901944961916	0	0	0	0	0	0	0	0	0
ENSMUSG00000069378	0	0	0	0	0	0	0	0	0	0	0	0	0	0	0	0	0	0	0	0	0	0	0	0	0	0	0	0	0	0	0	0	0	0	0	0	0	0	0	0	0	0	0	0	0	0	0	0	0	0	0	0	0	0	0	0	0	0	0	0	0	0	0	0	0	0	0	0	0	0	0	0	0	0	0	0	0	0	0	0	0	0	0	0	0	0	0	0	0	0	0	0	0	0	0	0	0	0	0	0
ENSMUSG00000044167	8.3261213143706	7.73706846035811	0	0	0	7.35144916655428	0	0	0	0	0	0	0	0	0	0	0	0	9.15120744921448	0	10.8798791822307	0	7.36238230949789	0	0	12.4320547334031	0	0	0	0	0	0	0	0	6.55880213697601	0	0	0	0	0	0	0	0	0	12.7872482027423	0	10.783864058669	0	0	5.20853794802479	0	0	0	0	0	0	0	0	0	3.77829398610112	0	0	0	0	0	0	0	0	0	0	4.80966409035346	0	0	0	0	0	0	0	0	0	0	0	0	0	0	0	0	0	0	0	5.02225311047889	0	0	0	0	2.68041504324141	0	0	0	0
ENSMUSG00000031103	0	0	0	0	0	0	0	0	0	0	0	0	0	0	0	0	0	0	0	0	0	0	0	0	0	0	0	0	0	0	0	0	0	0	0	0	0	0	0	0	0	0	0	0	0	0	0	0	0	0	0	0	0	0	0	0	0	0	0	0	0	0	0	0	0	0	0	0	0	0	0	0	0	0	0	0	0	0	0	0	0	0	0	0	0	0	0	0	0	0	0	0	0	0	0	0	0	0	0	0
ENSMUSG00000025529	0	0	0	0	0	0	0	0	0	0	0	0	0	0	0	0	0	0	0	0	0	0	0	0	0	0	0	0	0	0	0	0	0	0	0	0	0	0	0	0	0	0	0	0	0	0	0	0	0	0	0	0	0	0	0	0	0	0	0	0	0	0	0	0	0	0	0	0	0	0	0	0	0	0	0	0	0	0	0	0	0	0	0	0	0	0	0	0	0	0	0	0	0	0	0	0	0	0	0	0
ENSMUSG00000029553	0	0	0	0	0	0	0	0	0	0	0	0	0	0	0	0	0	0	0	0	0	0	0	0	0	0	0	0	0	0	0	0	0	0	0	0	0	0	0	0	0	0	0	0	0	0	0	0	0	0	0	0	0	0	0	0	0	0	0	0	0	0	0	0	0	0	0	0	0	0	0	0	0	0	0	0	0	0	0	0	0	0	0	0	0	0	0	0	0	0	0	0	0	0	0	0	0	0	0	0
ENSMUSG00000006311	13.4944048945389	12.6700815708025	0	0	0	1.37556371324655	0	0	0	3.22948551620427	3.7204382677144	9.89783833948639	0	1.41149560032673	0	0	5.23765593786674	0	5.11169226928373	0	19.3508864719336	0	9.66343236903973	0	0	10.8842223513554	0	15.6462109421003	0	0	0	0	0	0.793001900711591	11.4773001544998	0	3.81907560698498	0	0	11.918417038324	0	0	9.23326451436643	0	9.45684492703364	0	0	0	0	7.55384699579725	0	0	0	2.86993325567368	0	0	0	0	0	14.3602907010785	0	0	0	0	0	0	0	0	0	2.23782386134613	0	0	0.859059756435777	0	0	0	14.2567827392279	0	0	0	0	0	0	0	0	0	0	0	0	6.72550703617754	6.43867783528893	0	0	0	0	0	0	0	0	0
ENSMUSG00000055435	0	0	0	0	0	3.02652211117196	0	0	0	4.33226139502751	2.43887463278838	8.78571310836017	0	0.97094922770281	0	0	0	0	3.15590257863292	0	0	0	1.93685238276717	0	0	0	6.94553625494471	3.87360951532992	0	0	2.03137928948274	6.57766615146139	0	0	0	0	6.06191173330874	0	1.36111652924496	1.73967556342751	0	0	0	0	0.505820345850506	0	0	6.43244628387815	0	4.47658128641397	0	0	0	4.69284008332171	0	0	0	0	0	0	0	0	0	0	0	0	0	0	0	4.68145401126321	0	0	1.62079315865154	0	0	9.04540409929213	4.98182030372504	0	0	0	0	0	0	0	0	0	0	0	0	0	5.13315399665192	0	0	0	0	0	0	0	6.98283835011884	0
ENSMUSG00000022895	0	0	0	0	0	0	0	0	0	0	0	0	0	0	0	0	0	0	0	0	0	0	0	0	0	0	0	0	0	0	0	0	0	0	0	0	0	0	0	0	0	0	0	0	0	0	0	0	0	0	0	0	0	0	0	0	0	0	0	0	0	0	0	0	0	0	0	0	0	0	0	0	0	0	0	0	0	0	0	0	0	0	0	0	0	0	0	0	0	0	0	0	0	0	0	0	0	0	0	0
ENSMUSG00000053477	0	5.77540758208786	0	0	0	0	0	0	0	0	0	9.7997395559718	0	0	0	0	2.89138171024011	0	0	0	0	0	13.166806560111	0	0	7.95045240956869	2.64658611603971	7.04500747321575	0	0	0	0	0	0	0	0	0	0	0	0	0	0	0	0	15.8823532368128	0	0	0	0	0	0	0	0	0	0	0	0	0	0	0	0	0	0	0	0	0	0	0	0	0	0	0	11.9130154512956	0	0	0	0	0	0	0	1.10991242524397	0	0	0	0	0	0	0	0	0	0	0	0	0	0	0.312607504271481	0	0	0	0
ENSMUSG00000018604	0	0	0	0	0	0	0	0	0	0	0	0	0	0	0	0	0	0	0	0	0	0	0	0	0	0	0	0	0	0	0	0	0	0	0	0	0	0	0	2.81520190393494	0	0	0	0	1.56567996756478	0	0	10.7904493786714	0	0	0	0	0	0	0	0	0	0	0	0	0	0	0	0	0	0	0	0	0	0	0	0	0	0	0	0	0	0	0	0	0	0	0	0	0	0	0	0	0	0	0	0	0	0	0	0	0	0	0	0
ENSMUSG00000008398	8.82116993000166	0	0	0	0	3.38107593386491	0	0	0	11.2658572218068	0	8.90804064155818	0	0	0	0	0	0	0	0	0	0	14.5782953548884	0	0	0	0	0	0	0	0	0	0	0	2.67711893200836	0	7.58929908749604	0	0	0	0	0	15.7005740033537	0	0.0213814734277267	0	0	0	0	0	0	0	0	0	0	0	0	0	0	7.0503260986462	0	0	0	0	0	0	0	0	0	10.0076952552724	0	0	3.67896990838691	0	0	0	0	0	0	0	0	0	0	0	0	0	0	0	0	0	0	0	0	0	0	0	0	0	0	0
ENSMUSG00000029178	0	0	0	0	0	0	0	0	0	0	0	0	0	0	0	0	0	0	0	0	0	0	0	0	0	0	0	0	0	0	0	0	0	0	0	0	0	0	0	0	0	0	0	0	0	0	0	0	0	0	0	0	0	0	0	0	0	0	0	0	0	0	0	0	0	0	0	0	0	0	0	0	0	0	0	0	0	0	0	0	0	0	0	0	0	0	0	0	0	0	0	0	0	0	0	0	0	0	0	0
ENSMUSG00000024238	12.8419300214337	9.57624374358842	4.28305195659678	0	0	14.7267560143735	0	9.73936466312357	0	7.09380553528509	0	7.21311391881688	0	7.94857474605636	0	0	10.8877020424216	0	12.0905614395819	0	11.2888439046066	0	0	12.2765936557128	0	7.60475730733024	1.31894741439128	6.75037809308481	0	0	2.08178735140773	14.6170564155768	0	0	10.8068364093783	0	4.94789192591894	0	3.4559258786475	3.38940838408236	0	1.97287018446847	0	0	17.6925161283976	0	6.47033687770203	1.16016971296955	0	11.4021113857622	0	0	0	4.73054421367696	0	0	0	0	0	1.28083957975477	0	0	0	0	0	0	0	0	0	6.1955885698426	1.4652470184737	0	5.7515733049313	0	0	11.8883826442817	12.4678768279824	0	0	0	0	0	0	0	0	0	0	0	0	0	10.7632524983435	0	0	0	0	7.45214503854719	0	0	8.47796154086774	0
ENSMUSG00000027684	12.9204947396874	0	0	0	0	9.25923611186841	0	0	0	0	0	0	0	0	0	0	4.60888025463759	0	0	0	0	0	0	0	0	0	0	0	0	0	0	0	0	0	0	0	0	0	0	0	0	0	0	0	0	0	0	0	0	13.07656167315	0	0	0	0	0	0	0	0	0	0	0	0	0	0	0	0	0	0	0	0	4.84613225760629	0	0	0	0	0	0	0	0	0	0	0	0	0	0	0	0	0	0	0	12.8622558807866	0	0	0	0	5.51422131101204	0	0	0	0
ENSMUSG00000062327	10.7668304523604	0	0	0	0	0	0	0	0	12.0647709792644	0	1.58074319083597	0	0	0	0	0	0	1.64210308636485	0	0	0	2.29317804823163	5.06039638844153	0	1.00476643975515	0.138131557695412	0	0	0	2.31013778461002	0	0	0	10.9804852419393	0	0	0	0	0.801791557482239	0	0	0	0	12.5639589391569	0	0	0	0	0	0	0	0	15.4734473892892	0	0	0	0	0	0	0	0	0	0	0	0	0	0	0	0	4.99371304431505	0	0	0	0	0	0	0	0	0	0	0	0	0	0	0	0	0	0	1.06644120471144	0	0	0	0	0	0	0	0	18.2858921345827	0
ENSMUSG00000028565	0	0.805875304527571	0	0	0	3.20302622021208	0	0	0	6.22220195403633	0	0	0	0	0	0	0	0	0	0	0	0	0	0	0	0	9.4138007909555	0	0	0	0	0	0	0	0	0	0	0	0	4.43399160634502	0	0	0	0	0	0	0	0	0	2.18582055131736	0	0	0	8.69852942406503	0	0	0	0	0	0	0	0	0	0	0	0	0	0	0	0	0	0	0	0	0	0	6.63443605479476	0	0	0	0	0	0	0	0	0	0	0	0	0	6.81589833838679	0	0	0	0	0	0	0	5.58716979118489	0
ENSMUSG00000000078	6.95193860291742	4.00820655136707	0	0	0	3.17800105515983	0	6.3259920171035	0	4.58870679456829	7.44617864023944	9.0267749144944	0	7.41707074229747	0	0	7.04609516113682	0	0.556767721870891	8.00418079400601	1.84172236747955	0	0.136717486688038	0.891165663489421	0	8.70084383075087	0	2.87495188787788	0	0	10.1558762541912	7.30451192773437	0.106972055955503	6.73602813586379	5.74989101199074	0	4.72239035323217	0	2.50789436748737	9.40660774413279	0	8.5145686931047	7.04703896932743	0	7.00820829540454	0	6.94825486918563	11.0902804161949	0	2.30313643813029	0	0	0	9.91736665183628	0	0	0	0	0	8.30865730463189	0	0	0	0	0	0	0	0	0	5.53127508510071	9.32209623388983	0	7.01621129275918	0	0	4.58590340548397	0.279725144299693	0	0	0	0	0	0	0	0	0	0	0	0	5.24736699773198	5.83700459655064	0	0	0	0	1.29426461262328	0	0	0	0
ENSMUSG00000023902	0	0	0	0	0	0	0	0	0	6.58218507553678	0	0	0	0	0	0	0	0	0	0	0	0	0	0	0	0	0	0	0	0	0	13.0051313980631	0	0	0	0	0	0	0	0	0	0	0	0	11.324307016841	0	0	0	0	0	0	0	0	0	0	0	0	0	0	0	0	0	0	0	0	0	0	0	0	0	0	0	0	0	0	0	0	0	0	0	0	0	0	0	0	0	0	0	0	0	0	0	0	0	0	0	0	0	0	0
ENSMUSG00000027583	0	0	0	0	0	0	0	0	0	0	0	0	0	0	0	0	0	0	0	0	0	0	0	0	0	0	0	0	0	0	0	0	0	0	0	0	0	0	0	0	0	0	0	0	0	0	0	0	0	0	0	0	0	0	0	0	0	0	0	0	0	0	0	0	0	0	0	0	0	0	0	0	0	0	0	0	0	0	0	0	0	0	0	0	0	0	0	0	0	0	0	0	0	0	0	0	0	0	0	0
ENSMUSG00000028163	0	0	0	0	0	0	0	0	0	0	0	0	0	0	0	0	0	0	0	0	0	0	0	0	0	0	0	0	0	0	0	0	0	0	0	0	0	0	0	0	0	0	0	0	0	0	0	0	0	0	0	0	0	0	0	0	0	0	0	0	0	0	0	0	0	0	0	0	0	0	0	0	0	0	0	0	0	0	0	0	0	0	0	0	0	0	0	0	0	0	0	0	0	0	0	0	0	0	0	0
ENSMUSG00000038227	7.48516313411582	0	0	0	0	0	0	0	0	0	0	10.1690891845855	0	0.977807918171634	0	0	0	0	0	0	0	0	0.520412441418204	0	0	0	0	0	0	0	0	0	0	0	0	0	0	0	0	0	0	0	0	0	0	0	0	15.6357027829889	0	0	0	0	0	0	0	0	0	0	0	0	0	0	0	0	0	0	0	0	0	0	13.4830399462879	0	0	0	0	0	0	0	0	0	0	0	0	0	0	0	0	0	0	0	0	0	0	0	0	0	0	0	0	0
ENSMUSG00000024985	14.6799562990397	2.34250714754804	0	0	0	0.173148325341852	0	4.10828130228911	0	8.92338792377988	5.36322216763484	14.7465695322166	0	3.26445331489774	0	0	5.40746474267392	0	13.89940338717	2.82697635794497	6.43633578030799	0	11.1573942711381	13.5945173404787	0	8.45641349745004	8.34263942676791	11.6510688636671	0	0	0	0	11.4974756946934	0	13.4311805190448	0	5.93392976847233	0	8.81776794329912	8.88654183039518	0	0	0	0	14.4017244021709	0	6.42837200323128	13.1093805993167	0	10.7299330617139	0	0	0	11.1962533545413	0	0	0	0	0	6.19724398440456	0	0	0	0	0	0	0	0	0	1.08783546746958	8.49291006534767	0	7.77747771918007	0	0	0.734564524441519	13.211299989635	0	0	0	5.51064206325953	0	0	0	0	0	0	0	0	9.2963347303968	12.8187045723883	0	0	0	0	6.69295864868165	0	0	0	0
ENSMUSG00000053007	0	0	0	0	0	0	0	0	0	0	0	0	0	1.10913274209437	0	0	2.65606924315705	0	2.12623267957309	13.2318747180746	2.5378967062504	0	4.08393375064408	10.7228333714954	0	0	1.45078480923938	0	0	0	0	0	0	0	0	0	0	0	0	0	0	10.9775268004377	0	0	10.8261507400077	0	5.32200082437073	0	0	0	0	0	0	0	0	0	0	0	0	2.81196352790242	0	0	0	0	0	0	0	0	0	0	0	0	17.0256453371936	0	0	5.99003442307281	0	0	0	0	0	0	0	0	0	0	0	0	0	0	0	0	0	0	0	0	0	0	0	0
ENSMUSG00000022150	0	0	0	0	0	0	0	0	0	0	0	0	0	0	0	0	0	0	0	0	0	0	0	0	0	0	0	0	0	0	0	0	0	0	0	0	0	0	0	0	0	0	0	0	0	0	0	0	0	0	0	0	0	0	0	0	0	0	0	0	0	0	0	0	0	0	0	0	0	0	0	0	0	0	0	0	0	0	0	0	0	0	0	0	0	0	0	0	0	0	0	0	0	0	0	0	0	0	0	0
ENSMUSG00000040929	0	6.84542120832628	0	0	0	0	0	0	0	0	0	0	0	0	0	0	0	0	14.2612136110342	0	0	0	11.6450092973646	11.3805194855165	0	0	0	10.1500683210327	0	0	2.14526995367618	0	0	0	0	0	0	0	0	0	0	0	0	0	15.9393787939132	0	0	8.92305682162174	0	0	0	0	0	0	0	0	0	0	0	0	0	0	0	0	0	0	0	0	0	0	0	0	9.36872781350114	0	0	0	0	0	0	0	0	0	0	0	0	0	0	0	0	0	0	0	0	0	0	0	0	0	0	0
ENSMUSG00000046470	0	0	0	0	0	0	0	0	0	0	0	0	0	0	0	0	0	0	0	0	0	0	0	0	0	0	0	0	0	0	0	0	0	0	0	0	0	0	0	0	0	0	0	0	0	0	0	0	0	0	0	0	0	0	0	0	0	0	0	0	0	0	0	0	0	0	0	0	0	0	0	0	0	0	0	0	0	0	0	0	0	0	0	0	0	0	0	0	0	0	0	0	0	0	0	0	0	0	0	0
ENSMUSG00000024406	9.24668552869619	9.53228591762682	7.95090397048584	0	0	0	0	4.9216909511078	0	10.5264238764156	0	1.86235517056582	0	5.9573412469197	0	0	9.03780336518227	0	0.750411995480071	2.64366011654545	6.05899437157462	0	7.84713315910489	1.33743969189779	0	1.56176758628198	8.47894360373003	0	0	0	11.8244788299395	12.7503614580372	3.07123009950991	0.617808960338286	8.25582316362425	0	0	0	12.4134099177833	0.645028475158001	0	0	0	0	9.85272667749362	0	7.46771920678228	12.8952202726106	0	8.92517444285689	0	0	0	15.5589746236697	0	0	0	0	0	13.9924973744055	0	0	0	0	0	0	0	0	0	0.395627171434312	10.3235832096245	0	8.36161075534391	0	0	0	5.1661003473573	0	0	0	0	0	0	0	0	0	0	0	0	2.25130849728103	0	0	0	0	0	4.96067344007938	0	0	0	0
ENSMUSG00000020484	0	0	0	0	0	0	0	0	0	0	0	0	0	0	0	0	0	0	0	0	0	0	0	0	0	0	0	0	0	0	0	0	0	0	0	0	0	0	0	0	0	0	0	0	0	0	0	0	0	0	0	0	0	0	0	0	0	0	0	0	0	0	0	0	0	0	0	0	0	0	0	0	0	0	0	0	0	0	0	0	0	0	0	0	0	0	0	0	0	0	0	0	0	0	0	0	0	0	0	0
ENSMUSG00000000094	0.650391772883594	0	0	0	0	0	0	0	0	1.27850180007478	0	0	0	0	0	0	0	0	0	0	0	0	2.84884214777537	0	0	0	0	0	0	0	0	9.0269405165328	0	0	0	0	0	0	0	1.90010028891321	0	0	0	0	6.9165065983119	0	0	0	0	0	0	0	0	11.2689915141602	0	0	0	0	0	10.6502028809404	0	0	0	0	0	0	0	0	0	8.92176219546683	0	0	0.44537366695339	0	0	0	0	0	0	0	1.75438435918731	0	0	0	0	0	0	0	0	0	0	0	0	0	0	0	0	0	12.0467984120435	0
ENSMUSG00000024140	11.3134907457895	0	0	0	0	0.063158746715933	0	0	0	0	0	0	0	0	0	0	0	0	0	0	0	0	3.69221537626974	0	0	0	0	0	0	0	0	0	0	0	0	0	0	0	0	0	0	0	0	0	0	0	0	0	0	5.28642218432617	0	0	0	0	0	0	0	0	0	5.66904401474398	0	0	0	0	0	0	0	0	0	0	5.6165692780017	0	11.1464809440547	0	0	0	2.05730780170829	0	0	0	0	0	0	0	0	0	0	0	0	0	0	0	0	0	0	0	0	0	0	0
ENSMUSG00000063632	0	0	0	0	0	0	0	0	0	0	0	0	0	0	0	0	0	0	0	0	0	0	0	0	0	0	0	0	0	0	0	0	0	0	0	0	0	0	0	0	0	0	0	0	0	0	0	0	0	0	0	0	0	0	0	0	0	0	0	0	0	0	0	0	0	0	0	0	0	0	0	0	0	0	0	0	0	0	0	0	0	0	0	0	0	0	0	0	0	0	0	0	0	0	0	0	0	0	0	0
ENSMUSG00000044220	9.26822273077246	8.65934981331137	0	0	0	0	0	0	0	0	0	4.88983408829548	0	11.9684474113097	0	0	0	0	2.13171583829273	0	0	0	5.22283918186782	2.03452842798512	0	1.00010534561713	9.12901172876965	5.30892158170133	0	0	0	0	0	0	2.81287047878591	0	0	0	0	0	0	0	6.09384603017206	0	0	0	0	0	0	0	0	0	0	8.6651104393364	0	0	0	0	0	0	0	0	0	0	0	0	0	0	0	0	0	0	14.9498940857947	0	0	0	0	0	0	0	0	0	0	0	0	0	0	0	0	0	7.14784477377266	0	0	0	0	0	0	0	11.4128409171687	0
ENSMUSG00000025902	6.24703323359741	2.42884762211296	0	0	0	0	0	0	0	0	0	0	0	3.33761003199773	0	0	0	0	0	0	0	0	0	0	0	0	0	0	0	0	0	8.58398158722619	0	0	11.8259025749765	0	0	0	0	0	0	0	0	0	0.208547898179557	0	0	8.60002568527388	0	0	0	0	0	0	0	0	0	0	0	1.07748749256013	0	0	0	0	0	0	0	0	0	0	0	0	9.31525985485722	0	0	0	0	0	0	0	0	0	0	0	0	0	0	0	0	0	0	0	0	0	0	0	0	0	0	0
ENSMUSG00000026628	0	0	0	0	0	0	0	0	0	0	0	0	0	0	0	0	0	0	0	0	0	0	0	0	0	0	0	0	0	0	0	0	0	0	0	0	0	0	0	0	0	0	0	0	0	0	0	0	0	0	0	0	0	0	0	0	0	0	0	0	0	0	0	0	0	0	0	0	0	0	0	0	0	0	0	0	0	0	0	0	0	0	0	0	0	0	0	0	0	0	0	0	0	0	0	0	0	0	0	0
ENSMUSG00000040270	0	9.72756814793731	0	0	0	0	0	0	0	0	0	0	0	0	0	0	0	0	14.2157979168286	0	0	0	0	0	0	14.5932888744804	5.45776828363104	0	0	0	5.96003573254123	0	0	0	0	0	2.98564015703862	0	0	0	0	0	0	0	0	0	0	1.28121413445894	0	0	0	0	0	0	0	0	0	0	0	5.78867236634291	0	0	0	0	0	0	0	0	0	0	0	0	1.10253836096743	0	0	0	0	0	0	0	0	0	0	0	0	0	0	0	0	0	13.2451667344263	0	0	0	0	0	0	0	0	0
ENSMUSG00000020185	0	0	0	0	0	0	0	0	0	0	0	0	0	0	0	0	0	0	0	0	0	0	0	0	0	0	0	0	0	0	0	0	0	0	0	0	0	0	0	0	0	0	0	0	0	0	0	0	0	0	0	0	0	0	0	0	0	0	0	0	0	0	0	0	0	0	0	0	0	0	0	0	0	0	0	0	0	0	0	0	0	0	0	0	0	0	0	0	0	0	0	0	0	0	0	0	0	0	0	0
ENSMUSG00000057098	2.80449164494419	6.63164680988267	0	0	0	6.53520483929621	0	4.03669517181732	0	4.8922890548453	0	14.2734311726937	0	2.30778365584344	0	0	0.261561021633239	0	11.7035522786788	1.56116993853636	8.74494986859553	0	12.6956179901696	8.90078803370812	0	6.34258634004039	11.3973735264322	6.12824599931726	0	0	3.72391389444929	16.5977035166124	0	0	10.6722853124014	0	0	0	2.47918275755533	8.9579446358204	0	0	0	0	11.0492078837323	0	0	0.0944048235098239	0	12.3444390764679	0	0	0	9.59913830622757	0	0	0	0	0	0.151938891346319	0	0	0	0	0	0	0	0	0	2.14853319182822	5.79447271661834	0	11.6080508677781	0	0	9.2647288142372	0	0	0	0	0	0	0	0	0	0	0	0	0	8.76808340019919	10.3777562062344	0	0	0	0	0	0	0	7.41905719708919	0
ENSMUSG00000038236	0	0	0	0	0	0	0	0	0	0	0	0	0	0	0	0	0	0	0	0	0	0	0	0	0	0	0	0	0	0	0	0	0	0	0	0	0	0	0	0	0	0	0	0	0	0	0	0	0	0	0	0	0	0	0	0	0	0	0	0	0	0	0	0	0	0	0	0	0	0	0	0	0	0	0	0	0	0	0	0	0	0	0	0	0	0	0	0	0	0	0	0	0	0	0	0	0	0	0	0
ENSMUSG00000055148	0	0	0	0	0	0	0	0	0	0	0	0	0	0	0	0	0	0	0	0	0	0	0	0	0	0	0	0	0	0	0	0	0	0	0	0	0	0	0	0	0	0	0	0	0	0	0	0	0	0	0	0	0	0	0	0	0	0	0	0	0	0	0	0	0	0	0	0	0	0	0	0	0	0	0	0	0	0	0	0	0	0	0	0	0	0	0	0	0	0	0	0	0	0	0	0	0	0	0	0
ENSMUSG00000027210	0	0	0	0	0	0	0	0	0	0	0	0	0	0	0	0	0	0	14.915901577366	0	0	0	0	0	0	0	0	0	0	0	0.18141044239634	0	0	0	0	0	0	0	2.46276830758911	7.76311633541939	0	0	0	0	0	0	0	5.82701688979288	0	0	0	0	0	0	0	0	0	0	0	0	0	0	0	0	0	0	0	0	0	0	0	0	0	0	0	0	0	0	0	0	0	0	0	0	0	0	0	0	0	0	5.71674443892053	0	0	0	0	0	0	0	0	0
ENSMUSG00000030788	0	0	0	0	0	0	0	0	0	0	0	0	0	0	0	0	0	0	0	0	0	0	0	0	0	0	0	0	0	0	0	0	0	0	0	0	0	0	0	0	0	0	0	0	0	0	0	0	0	0	0	0	0	0	0	0	0	0	0	0	0	0	0	0	0	0	0	0	0	0	0	0	0	0	0	0	0	0	0	0	0	0	0	0	0	0	0	0	0	0	0	0	0	0	0	0	0	0	0	0
ENSMUSG00000042439	0	0	0	0	0	0	0	0	0	0	0	0	0	0	0	0	0	0	0	0	0	0	0	0	0	0	0	0	0	0	0	0	0	0	0	0	0	0	0	0	0	0	0	0	0	0	0	0	0	0	0	0	0	0	0	0	0	0	0	0	0	0	0	0	0	0	0	0	0	0	0	0	0	0	0	0	0	0	0	0	0	0	0	0	0	0	0	0	0	0	0	0	0	0	0	0	0	0	0	0
ENSMUSG00000048402	0	0	0	0	0	0	0	0	0	0	0	0	0	0	0	0	0	0	0	0	0	0	0	0	0	0	0	0	0	0	0	0	0	0	0	0	0	0	0	0	0	0	0	0	0	0	0	0	0	0	0	0	0	0	0	0	0	0	0	0	0	0	0	0	0	0	0	0	0	0	0	0	0	0	0	0	0	0	0	0	0	0	0	0	0	0	0	0	0	0	0	0	0	0	0	0	0	0	0	0
ENSMUSG00000032446	9.20196099311834	0	0	0	0	12.2443193922354	0	0	0	5.29400291584533	9.55012971753099	7.91157783423888	0	0	0	0	0	0	0	0	0	0	10.7774643109424	0	0	0	0	0	0	0	11.2320794484327	0	0	0	8.99868987622997	0	9.82510381050331	0	0	0.482007059599955	0	0	0	0	0	0	0	11.9815475621977	0	0	0	0	0	0	0	0	0	0	0	12.056787196042	0	0	0	0	0	0	0	0	0	0	12.534647711772	0	10.6686857538649	0	0	0	0	0	0	0	0	0	0	0	0	0	0	0	0	9.99492915463956	0	0	0	0	0	0	0	0	12.7730363307615	0
ENSMUSG00000030341	0	0	0	0	0	0	0	0	0	0	0	0	0	0	0	0	0	0	0	0	0	0	0	0	0	0	0	0	0	0	0	0	0	0	0	0	0	0	0	0	0	0	0	0	0	0	0	0	0	0	0	0	0	0	0	0	0	0	0	0	0	0	0	0	0	0	0	0	0	0	0	0	0	0	0	0	0	0	0	0	0	0	0	0	0	0	0	0	0	0	0	0	0	0	0	0	0	0	0	0
ENSMUSG00000027361	0	0	0	0	0	0	0	0	0	0	0	0	0	0	0	0	0	0	0	0	0	0	0	0	0	0	0	0	0	0	0	0	0	0	0	0	0	0	0	0	0	0	0	0	0	0	0	0	0	0	0	0	0	0	0	0	0	0	0	0	0	0	0	0	0	0	0	0	0	0	0	0	0	0	0	0	0	0	0	0	0	0	0	0	0	0	0	0	0	0	0	0	0	0	0	0	0	0	0	0
ENSMUSG00000027547	0	0	0	0	0	0	0	0	0	0	0	0	0	0	0	0	0	0	0	0	0	0	0	0	0	0	0	0	0	0	0	0	0	0	0	0	0	0	0	0	0	0	0	0	0	0	0	0	0	0	0	0	0	0	0	0	0	0	0	0	0	0	0	0	0	0	0	0	0	0	0	0	0	0	0	0	0	0	0	0	0	0	0	0	0	0	0	0	0	0	0	0	0	0	0	0	0	0	0	0
ENSMUSG00000000938	0	0	0	0	0	0	0	0	0	0	0	0	0	0	0	0	0	0	0	0	0	0	0	0	0	0	0	0	0	0	0	0	0	0	0	0	0	0	0	0	0	0	0	0	0	0	0	0	0	0	0	0	0	0	0	0	0	0	0	0	0	0	0	0	0	0	0	0	0	0	0	0	0	0	0	0	0	0	0	0	0	0	0	0	0	0	0	0	0	0	0	0	0	0	0	0	0	0	0	0
ENSMUSG00000068551	0	0	0	0	0	0	0	0	0	0	0	0	0	0	0	0	0	0	0	0	0	0	0	0	0	0	0	0	0	0	0	0	0	0	0	0	0	0	0	0	0	0	0	0	0	0	0	0	0	0	0	0	0	0	0	0	0	0	0	0	0	0	0	0	0	0	0	0	0	0	0	0	0	0	0	0	0	0	0	0	0	0	0	0	0	0	0	0	0	0	0	0	0	0	0	0	0	0	0	0
ENSMUSG00000018698	0.76119503034049	0.596978707486614	5.15349407182304	0	0	0	0	0	0	0	0	6.01373877815021	0	0	0	0	0	0	0	10.3171589576219	0	0	0	0	0	1.87514533860612	5.94881481001237	0	0	0	0	0	0	0	0	0	0	0	0	0	0	0	0	0	0	0	0	0	0	0	0	0	0	0	0	0	0	0	0	0	0	0	0	0	0	0	0	0	0	0	5.25131604663816	0	6.53885873744644	0	0	0	0	0	0	0	0	0	0	0	0	0	0	0	0	0	0	0	0	0	0	0	0	0	0	0
ENSMUSG00000058881	0	0	0	0	0	0	0	0	0	0	0	0	0	0	0	0	0	0	0	0	0	0	0	0	0	0	0	0	0	0	0	0	0	0	0	0	0	0	0	0	0	0	0	0	0	0	0	0	0	0	0	0	0	0	0	0	0	0	0	0	0	0	0	0	0	0	0	0	0	0	0	0	0	0	0	0	0	0	0	0	0	0	0	0	0	0	0	0	0	0	0	0	0	0	0	0	0	0	0	0
ENSMUSG00000055799	0	0	0	0	0	0	0	0	0	0	0	0	0	0	0	0	0	0	0	0	0	0	0	0	0	0	0	0	0	0	0	0	0	0	0	0	0	0	0	0	0	0	0	0	0	0	0	0	0	0	0	0	0	0	0	0	0	0	0	0	0	0	0	0	0	0	0	0	0	0	0	0	0	0	0	0	0	0	0	0	0	0	0	0	0	0	0	0	0	0	0	0	0	0	0	0	0	0	0	0
ENSMUSG00000028466	0	0	0	0	0	0	0	0	0	0	0	0	0	0	0	0	0	0	0	0	0	0	0	0	0	0	0	0	0	0	0	0	0	0	0	0	0	0	0	0	0	0	0	0	0	0	0	0	0	0	0	0	0	0	0	0	0	0	0	0	0	0	0	0	0	0	0	0	0	0	0	0	0	0	0	0	0	0	0	0	0	0	0	0	0	0	0	0	0	0	0	0	0	0	0	0	0	0	0	0
ENSMUSG00000071637	0	0	0	0	0	0	0	0	0	0	0	0	0	0	0	0	0	0	0	0	0	0	0	0	0	0	0	0	0	0	0	0	0	0	0	0	0	0	0	0	0	0	0	0	0	0	0	0	0	0	0	0	0	0	0	0	0	0	0	0	0	0	0	0	0	0	0	0	0	0	0	0	0	0	0	0	0	0	0	0	0	0	0	0	0	0	0	0	0	0	0	0	0	0	0	0	0	0	0	0
ENSMUSG00000048410	0	0	0	0	0	0	0	0	0	0	0	0	0	0	0	0	0	0	0	0	0	0	0	0	0	0	0	0	0	0	0	0	0	0	0	0	0	0	0	0	0	0	0	0	0	0	0	0	0	0	0	0	0	0	0	0	0	0	0	0	0	0	0	0	0	0	0	0	0	0	0	0	0	0	0	0	0	0	0	0	0	0	0	0	0	0	0	0	0	0	0	0	0	0	0	0	0	0	0	0
ENSMUSG00000040433	0	0	0	0	0	0	0	0	0	0	0	0	0	0	0	0	0	0	0	0	0	0	0	0	0	0	0	0	0	0	0	0	0	0	0	0	0	0	0	0	0	0	0	0	0	0	0	0	0	0	0	0	0	0	0	0	0	0	0	0	0	0	0	0	0	0	0	0	0	0	0	0	0	0	0	0	0	0	0	0	0	0	0	0	0	0	0	0	0	0	0	0	0	0	0	0	0	0	0	0
ENSMUSG00000034041	0	0	0	0	0	0	0	0	0	0	0	0	0	0	0	0	0	0	0	0	0	0	0	0	0	0	0	0	0	0	0	0	0	0	0	0	0	0	0	0	0	0	0	0	0	0	0	0	0	0	0	0	0	0	0	0	0	0	0	0	0	0	0	0	0	0	0	0	0	0	0	0	0	0	0	0	0	0	0	0	0	0	0	0	0	0	0	0	0	0	0	0	0	0	0	0	0	0	0	0
ENSMUSG00000021877	0	0	0	0	0	0	0	0	0	0	0	0	0	0	0	0	0	0	0	0	0	0	0	0	0	0	0	0	0	0	0	0	0	0	0	0	0	0	0	0	0	0	0	0	0	0	0	0	0	0	0	0	0	0	0	0	0	0	0	0	0	0	0	0	0	0	0	0	0	0	0	0	0	0	0	0	0	0	0	0	0	0	0	0	0	0	0	0	0	0	0	0	0	0	0	0	0	0	0	0
ENSMUSG00000047003	0	0	0	0	0	0	0	0	0	0	0	0	0	0	0	0	0	0	0	0	0	0	0	0	0	0	0	0	0	0	0	0	0	0	0	0	0	0	0	0	0	0	0	0	0	0	0	0	0	0	0	0	0	0	0	0	0	0	0	0	0	0	0	0	0	0	0	0	0	0	0	0	0	0	0	0	0	0	0	0	0	0	0	0	0	0	0	0	0	0	0	0	0	0	0	0	0	0	0	0
ENSMUSG00000007805	0	0	0	0	0	2.03912682144787	0	0	0	0	0	10.4126010225702	0	0	0	0	0	0	8.70135392292142	9.69758330567076	0	0	8.82724898732011	0	0	5.57128127388472	8.04474935780766	0.0316387353459654	0	0	8.53856809367054	0	0	0	0	0	0	0	0	0	0	0	0	0	10.5722376116715	0	0	7.76937283532548	0	0	0	0	0	3.25976627333349	0	0	0	0	0	0	0	0	0	0	0	0	0	0	0	0	0	0	1.03481095800513	0	0	0	0	0	0	0	0	0	0	0	0	0	0	0	0	0	10.3758459367076	0	0	0	0	0	0	0	0	0
ENSMUSG00000079277	9.05533178773315	4.08108545803061	0	0	0	0	0	0.540456301667798	0	0	0	6.45076004480442	0	0	0	0	0	0	0	0	0	0	0	4.57634074093839	0	3.36771467904665	0	0	0	0	0	0	0	0	0	0	0	0	0	0	0	0	0	0	0	0	0	11.0721765012038	0	10.3014128726489	0	0	0	0	0	0	0	0	0	0	0	0	0	0	0	0	0	0	0	0	0	0	0	0	0	0	0	0	0	0	0	0	0	0	0	0	0	0	0	0	0	0	0	0	0	0	0	0	0	0
ENSMUSG00000075040	0	0	0	0	0	0	0	0	0	0	0	0	0	0	0	0	0	0	0	0	0	0	0	0	0	0	0	0	0	0	0	0	0	0	0	0	0	0	0	0	0	0	0	0	0	0	0	0	0	0	0	0	0	0	0	0	0	0	0	0	0	0	0	0	0	0	0	0	0	0	0	0	0	0	0	0	0	0	0	0	0	0	0	0	0	0	0	0	0	0	0	0	0	0	0	0	0	0	0	0
ENSMUSG00000055053	0	7.54396125770414	0	0	0	6.24147077184062	0	0	0	10.8724100045273	0	0	0	0	0	0	0	0	0	0	0	0	0	0	0	12.2894286462688	5.80062083769871	0	0	0	0	0	0	0	0	0	0	0	0	10.6093739048756	0	0	0	0	7.27614798203614	0	0	0	0	1.28510189986889	0	0	0	12.9254080634888	0	0	0	0	0	0	0	0	0	0	0	0	0	0	0	0	0	0	0	0	0	0	1.70684177235319	0	0	0	0	0	0	0	0	0	0	0	0	0	5.17872545304514	0	0	0	0	0	0	0	4.72612097053647	0
ENSMUSG00000033713	0	0	0	0	0	0	0	0	0	0	0	0	0	0	0	0	0	0	0	0	0	0	0	0	0	0	0	0	0	0	0	0	0	0	0	0	0	0	0	0	0	0	0	0	0	0	0	0	0	0	0	0	0	0	0	0	0	0	0	0	0	0	0	0	0	0	0	0	0	0	0	0	0	0	0	0	0	0	0	0	0	0	0	0	0	0	0	0	0	0	0	0	0	0	0	0	0	0	0	0
ENSMUSG00000026436	0	0	0	0	0	0	0	0	0	0	0	0	0	0	0	0	0	0	0	0	0	0	0	0	0	0	0	0	0	0	0	0	0	0	0	0	0	0	0	0	0	0	0	0	0	0	0	0	0	0	0	0	0	0	0	0	0	0	0	0	0	0	0	0	0	0	0	0	0	0	0	0	0	0	0	0	0	0	0	0	0	0	0	0	0	0	0	0	0	0	0	0	0	0	0	0	0	0	0	0
ENSMUSG00000016087	12.7789662215797	1.01255166504321	0	0	0	2.17180197895209	0	8.49732055745202	0	8.25017492640102	7.35248326672284	0.535478655538356	0	15.622824771698	0	0	0	0	9.49407230557172	8.34566582905383	10.7270201657196	0	18.0440050202979	0	0	0.91574969615757	0	4.45475989620835	0	0	0	1.07716083234749	4.02233220910723	1.17326214865922	3.29564576391629	0	12.8186757321557	0	0	8.27993690995282	0	0	10.2353642259783	0	1.19860587738278	0	10.856786985576	0	0	12.9087242032302	0	0	0	5.34605125529723	0	0	0	0	0	7.14516115426692	0	0	0	0	0	0	0	0	0	0	0	0	17.4623473655937	0	0	0	8.94650406225503	0	0	0	0	0	0	0	0	0	0	0	0	0.867842889232045	9.53382077477127	0	0	0	0	0	0	0	0	0
ENSMUSG00000056758	0	0	0	0	0	0	0	0	0	0	0	0	0	0	0	0	0	0	0	0	0	0	0	0	0	0	0	0	0	0	0	0	0	0	0	0	0	0	0	0	0	0	0	0	0	0	0	0	0	0	0	0	0	0	0	0	0	0	0	0	0	0	0	0	0	0	0	0	0	0	0	0	0	0	0	0	0	0	0	0	0	0	0	0	0	0	0	0	0	0	12.8750049004069	0	0	0	0	0	0	0	0	0
ENSMUSG00000075588	0	0	0	0	0	0	0	0	0	0	0	0	0	0	0	0	0	0	0	0	0	0	0	0	0	0	0	0	0	0	0	0	0	0	0	0	0	0	0	0	0	0	0	0	0	0	0	0	0	0	0	0	0	0	0	0	0	0	0	0	0	0	0	0	0	0	0	0	0	0	0	0	0	0	0	0	0	0	0	0	0	0	0	0	0	0	0	0	0	0	0	0	0	0	0	0	0	0	0	0
ENSMUSG00000026104	0	0	0	0	0	0	0	0	0	0	0	0	0	0	0	0	0	0	0	0	0	0	0	0	0	0	0	0	0	0	0	0	0	0	0	0	0	0	0	0	0	0	0	0	0	0	0	0	0	0	0	0	0	0	0	0	0	0	0	0	0	0	0	0	0	0	0	0	0	0	0	0	0	0	0	0	0	0	0	0	0	0	0	0	0	0	0	0	0	0	0	0	0	0	0	0	0	0	0	0
ENSMUSG00000038700	0	0	0	0	0	0	0	0	0	0	0	0	0	0	0	0	0	0	0	0	0	0	0	0	0	0	0	0	0	0	0	0	0	0	0	0	0	0	0	0	0	0	0	0	0	0	0	0	0	0	0	0	0	0	0	0	0	0	0	0	0	0	0	0	0	0	0	0	0	0	0	0	0	0	0	0	0	0	0	0	0	0	0	0	0	0	0	0	0	0	0	0	0	0	0	0	0	0	0	0
ENSMUSG00000026398	13.8075392470329	5.0289341378581	0	0	0	0	0	0	0	0	0	12.2904393149134	0	0	0	0	0	0	0	0	0	0	0	0	0	0	9.19061874813205	2.02539955246399	0	0	7.22451019834593	0	0	0	0	0	0	0	0	10.026276120578	0	0	0	0	0	0	0	4.50678990853244	0	0	0	0	0	0	0	0	0	0	0	5.04977989356434	0	0	0	0	0	0	0	0	0	0	0	0	11.8754886014996	0	0	0	0	0	0	0	0	0	0	0	0	0	0	0	0	0	0	0	0	0	0	0	0	0	0	0
ENSMUSG00000036139	0	0	0	0	0	0	0	0	0	0	0	0	0	0	0	0	0	0	0	0	0	0	0	0	0	0	0	0	0	0	0	0	0	0	0	0	0	0	0	0	0	0	0	0	0	0	0	0	0	0	0	0	0	0	0	0	0	0	0	0	0	0	0	0	0	0	0	0	0	0	0	0	0	0	0	0	0	0	0	0	0	0	0	0	0	0	0	0	0	0	0	0	0	0	0	0	0	0	0	0
ENSMUSG00000021972	0	0	0	0	0	0	0	0	0	0	0	0	0	0	0	0	0	0	0	0	0	0	0	0	0	0	0	0	0	0	0	0	0	0	0	0	0	0	0	0	0	0	0	0	0	0	0	0	0	0	0	0	0	0	0	0	0	0	0	0	0	0	0	0	0	0	0	0	0	0	0	0	0	0	0	0	0	0	0	0	0	0	0	0	0	0	0	0	0	0	0	0	0	0	0	0	0	0	0	0
ENSMUSG00000021506	0	9.61081022200387	0	0	0	0	0	0	0	0	0	0	0	0	0	0	0	0	0	0	0	0	0	0	0	0	0	0	0	0	13.2758766725264	0	0	0	0	0	8.66454926908518	0	0	0	0	0	0	0	0.99225529692524	0	0	14.3145207886513	0	0	0	0	0	11.5886564149418	0	0	0	0	0	5.14827928005531	0	0	0	0	0	0	0	0	0	0	0	0	0	0	0	0	0	0	0	0	0	0	0	0	0	0	0	0	0	0	0	0	0	0	0	0	0	0	0	0
ENSMUSG00000037465	0	0	0	0	0	0	0	0	0	0	0	0	0	0	0	0	0	0	0	0	0	0	0	0	0	0	0	0	0	0	0	0	0	0	0	0	0	0	0	0	0	0	0	0	0	0	0	0	0	0	0	0	0	0	0	0	0	0	0	0	0	0	0	0	0	0	0	0	0	0	0	0	0	0	0	0	0	0	0	0	0	0	0	0	0	0	0	0	0	0	0	0	0	0	0	0	0	0	0	0
ENSMUSG00000023079	0	0	0	0	0	0	0	0	0	0	0	0	0	0	0	0	0	0	0	0	0	0	0	0	0	0	0	0	0	0	0	0	0	0	0	0	0	0	0	0	0	0	0	0	0	0	0	0	0	0	0	0	0	0	0	0	0	0	0	0	0	0	0	0	0	0	0	0	0	0	0	0	0	0	0	0	0	0	0	0	0	0	0	0	0	0	0	0	0	0	0	0	0	0	0	0	0	0	0	0
ENSMUSG00000099083	0	0	0	0	0	0	0	0	0	0	0	0	0	0	0	0	0	0	0	0	0	0	0	0	0	0	0	0	0	0	0	0	0	0	0	0	0	0	0	0	0	0	0	0	0	0	0	0	0	0	0	0	0	0	0	0	0	0	0	0	0	0	0	0	0	0	0	0	0	0	0	0	0	0	0	0	0	0	0	0	0	0	0	0	0	0	0	0	0	0	0	0	0	0	0	0	0	0	0	0
ENSMUSG00000038210	0	0	0	0	0	0	0	0	0	0	0	0	0	0	0	0	0	0	0	0	0	0	0	0	0	0	0	0	0	0	0	0	0	0	0	0	0	0	0	0	0	0	0	0	0	0	0	0	0	0	0	0	0	0	0	0	0	0	0	0	0	0	0	0	0	0	0	0	0	0	0	0	0	0	0	0	0	0	0	0	0	0	0	0	0	0	0	0	0	0	0	0	0	0	0	0	0	0	0	0
ENSMUSG00000019564	0	0	0	0	0	0	0	0	0	0	0	0	0	0	0	0	0	0	0	0	0	0	0	0	0	0	0	0	0	0	0	0	0	0	0	0	0	0	0	0	0	0	0	0	0	0	0	0	0	0	0	0	0	0	0	0	0	0	0	0	0	0	0	0	0	0	0	0	0	0	0	0	0	0	0	0	0	0	0	0	0	0	0	0	0	0	0	0	0	0	0	0	0	0	0	0	0	0	0	0
ENSMUSG00000034762	0.247794967881154	0	0	0	0	0	0	0	0	0	0	3.8267182602238	0	0	0	0	3.41008747818791	0	0	0	0	0	0	0	0	0	0	0	0	0	0.0826078188276318	0	0	0	1.25422210144952	0	0	0	0	0	0	0	0	0	0	0	0	0.766843935050246	0	0	0	0	0	0	0	0	0	0	0	0	0	0	0	0	0	0	0	0	0	0	0	0	4.93744832439543	0	0	0	0	0	0	0	0	0	0	0	0	0	0	0	0	0	0	0	0	0	0	0	0	0	0	0
ENSMUSG00000062991	0	0	0	0	0	0	0	0	0	0	0	0	0	0	0	0	0	0	0	0	0	0	0	0	0	0	0	0	0	0	0	0	0	0	0	0	0	0	0	0	0	0	0	0	0	0	0	0	0	0	0	0	0	0	0	0	0	0	0	0	0	0	0	0	0	0	0	0	0	0	0	0	0	0	0	0	0	0	0	0	0	0	0	0	0	0	0	0	0	0	0	0	0	0	0	0	0	0	0	0
ENSMUSG00000022346	0	0	0	0	0	0	0	0	0	0	0	0	0	0	0	0	0	0	0	0	0	0	0	0	0	0	0	0	0	0	0	0	0	0	0	0	0	0	0	0	0	0	0	0	0	0	0	0	0	0	0	0	0	0	0	0	0	0	0	0	0	0	0	0	0	0	0	0	0	0	0	0	0	0	0	0	0	0	0	0	0	0	0	0	0	0	0	0	0	0	0	0	0	0	0	0	0	0	0	0
ENSMUSG00000019256	0	0	0	0	0	0	0	0	0	0	0	0	0	0	0	0	0	0	0	0	0	0	0	0	0	0	0	0	0	0	0	0	0	0	0	0	0	0	0	0	0	0	0	0	0	0	0	0	0	0	0	0	0	0	0	0	0	0	0	0	0	0	0	0	0	0	0	0	0	0	0	0	0	0	0	0	0	0	0	0	0	0	0	0	0	0	0	0	0	0	0	0	0	0	0	0	0	0	0	0
ENSMUSG00000026890	0	0	0	0	0	0	0	0	0	0	0	0	0	0	0	0	0	0	0	0	0	0	0	0	0	0	0	0	0	0	0	0	0	0	0	0	0	0	0	0	0	0	0	0	0	0	0	0	0	0	0	0	0	0	0	0	0	0	0	0	0	0	0	0	0	0	0	0	0	0	0	0	0	0	0	0	0	0	0	0	0	0	0	0	0	0	0	0	0	0	0	0	0	0	0	0	0	0	0	0
ENSMUSG00000002393	0	0	0	0	0	0	0	0	0	0	0	0	0	0	0	0	0	0	0	0	0	0	0	0	0	0	0	0	0	0	0	0	0	0	0	0	0	0	0	0	0	0	0	0	0	0	0	0	0	0	0	0	0	0	0	0	0	0	0	0	0	0	0	0	0	0	0	0	0	0	0	0	0	0	0	0	0	0	0	0	0	0	0	0	0	0	0	0	0	0	0	0	0	0	0	0	0	0	0	0
ENSMUSG00000038151	1.57266717113202	6.1883653753693	0	0	0	8.27443262127197	0	2.87294731865918	0	3.79693269848912	0	6.50237573294776	0	4.64585865977222	0	0	3.68960635051123	0	2.25020634640895	3.84087616937084	1.38036155210257	0	0.919019990943377	5.43759083136161	0	2.463397828677	3.20858957775213	0.861466668667145	0	0	7.11234965404228	7.17009031641681	2.09788578576362	4.7862970005078	3.53581340388784	0	9.8348249927174	0	0	4.33745979728489	0	0	0	0	6.92479093546834	0	6.58778737876519	0	0	7.56156362815469	0	0	0	7.40456048671271	0	0	0	0	0	2.27793347135058	0	0	0	0	0	0	0	0	0	0	4.50195592940037	0	2.59825648014894	0	0	5.57058191848521	6.76960377569147	0	0	0	1.07769316719686	0	0	0	0	0	0	0	0	0	8.77197773192199	0	0	0	0	0	0	0	6.62855581062684	0
ENSMUSG00000015522	0	0	0	0	0	0	0	0	0	0	0	0	0	0	0	0	0	0	0	0	0	0	0	0	0	0	0	0	0	0	0	0	0	0	0	0	0	0	0	0	0	0	0	0	0	0	0	0	0	0	0	0	0	0	0	0	0	0	0	0	0	0	0	0	0	0	0	0	0	0	0	0	0	0	0	0	0	0	0	0	0	0	0	0	0	0	0	0	0	0	0	0	0	0	0	0	0	0	0	0
ENSMUSG00000040289	0	0	0	0	0	0	0	0	0	0	0	0	0	0	0	0	0	0	0	0	0	0	0	0	0	0	0	0	0	0	0	0	0	0	0	0	0	0	0	0	0	0	0	0	0	0	0	0	0	0	0	0	0	0	0	0	0	0	0	0	0	0	0	0	0	0	0	0	0	0	0	0	0	0	0	0	0	0	0	0	0	0	0	0	0	0	0	0	0	0	0	0	0	0	0	0	0	0	0	0
ENSMUSG00000030544	0	0	0	0	0	0	0	0	0	0	0	0	0	0	0	0	0	0	0	0	0	0	0	0	0	0	0	0	0	0	0	0	0	0	0	0	0	0	0	0	0	0	0	0	0	0	0	0	0	0	0	0	0	0	0	0	0	0	0	0	0	0	0	0	0	0	0	0	0	0	0	0	0	0	0	0	0	0	0	0	0	0	0	0	0	0	0	0	0	0	0	0	0	0	0	0	0	0	0	0
ENSMUSG00000030199	0	0	0	0	0	0	0	0	0	0	0	0	0	0	0	0	0	0	0	0	0	0	0	0	0	0	0	0	0	0	0	0	0	0	0	0	0	0	0	0	0	0	0	0	0	0	0	0	0	0	0	0	0	0	0	0	0	0	0	0	0	0	0	0	0	0	0	0	0	0	0	0	0	0	0	0	0	0	0	0	0	0	0	0	0	0	0	0	0	0	0	0	0	0	0	0	0	0	0	0
