ENSMUSG00000008575	ENSMUSG00000005583	ENSMUSG00000040732	ENSMUSG00000025959	ENSMUSG00000000317	ENSMUSG00000020160	ENSMUSG00000064141	ENSMUSG00000032035	ENSMUSG00000050919	ENSMUSG00000031627	ENSMUSG00000069378	ENSMUSG00000044167	ENSMUSG00000031103	ENSMUSG00000025529	ENSMUSG00000029553	ENSMUSG00000006311	ENSMUSG00000055435	ENSMUSG00000022895	ENSMUSG00000053477	ENSMUSG00000018604	ENSMUSG00000008398	ENSMUSG00000029178	ENSMUSG00000024238	ENSMUSG00000027684	ENSMUSG00000062327	ENSMUSG00000028565	ENSMUSG00000000078	ENSMUSG00000023902	ENSMUSG00000027583	ENSMUSG00000028163	ENSMUSG00000038227	ENSMUSG00000024985	ENSMUSG00000053007	ENSMUSG00000022150	ENSMUSG00000040929	ENSMUSG00000046470	ENSMUSG00000024406	ENSMUSG00000020484	ENSMUSG00000000094	ENSMUSG00000024140	ENSMUSG00000063632	ENSMUSG00000044220	ENSMUSG00000025902	ENSMUSG00000026628	ENSMUSG00000040270	ENSMUSG00000020185	ENSMUSG00000057098	ENSMUSG00000038236	ENSMUSG00000055148	ENSMUSG00000027210	ENSMUSG00000030788	ENSMUSG00000042439	ENSMUSG00000048402	ENSMUSG00000032446	ENSMUSG00000030341	ENSMUSG00000027361	ENSMUSG00000027547	ENSMUSG00000000938	ENSMUSG00000068551	ENSMUSG00000018698	ENSMUSG00000058881	ENSMUSG00000055799	ENSMUSG00000028466	ENSMUSG00000071637	ENSMUSG00000048410	ENSMUSG00000040433	ENSMUSG00000034041	ENSMUSG00000021877	ENSMUSG00000047003	ENSMUSG00000007805	ENSMUSG00000079277	ENSMUSG00000075040	ENSMUSG00000055053	ENSMUSG00000033713	ENSMUSG00000026436	ENSMUSG00000016087	ENSMUSG00000056758	ENSMUSG00000075588	ENSMUSG00000026104	ENSMUSG00000038700	ENSMUSG00000026398	ENSMUSG00000036139	ENSMUSG00000021972	ENSMUSG00000021506	ENSMUSG00000037465	ENSMUSG00000023079	ENSMUSG00000099083	ENSMUSG00000038210	ENSMUSG00000019564	ENSMUSG00000034762	ENSMUSG00000062991	ENSMUSG00000022346	ENSMUSG00000019256	ENSMUSG00000026890	ENSMUSG00000002393	ENSMUSG00000038151	ENSMUSG00000015522	ENSMUSG00000040289	ENSMUSG00000030544	ENSMUSG00000030199
ENSMUSG00000008575	0	0	0	0	0	1.54776922471958	0	0	0	5.48075753412039	0	0	0	0	0	0	0	0	0	0	0	0	0	0	0	11.2805402158405	8.89232868358395	0	0	0	0	0	0	0	0	0	0	0	0	0.188859050725405	0	0	0	0	0	0	0	0	0	0.748224750830856	0	0	0	5.58086506552122	0	0	0	0	0	0	0	0	0	0	0	0	0	0	0	0	0	0	0	0	0	0	5.42438739782735	0	0	0	0	0	0	0	0	0	0	0	0	0	0.523336010421956	0	0	0	0	0	0	0	6.77864190813482	0
ENSMUSG00000005583	7.53997224090038	0	0	0	0	10.5606354538519	0	9.45627688242702	0	6.48537104170149	8.32837695112022	10.6529224842053	0	3.8177739202576	0	0	3.89589349173723	0	0.944604589976871	7.75202176187237	5.1501952675861	0	10.706811463206	13.1408911728567	0	0.98428208524494	1.47036989957166	11.7299425395169	0	0	0	12.7280305525496	13.1839548056197	0	6.33472437557949	0	9.17985524494773	0	4.59289569730311	3.81611777369173	0	0	0	0	6.94780393701673	0	2.61659072601322	0	0	7.47923147273742	0	0	0	0.0534242447300175	0	0	0	0	0	11.7318119990999	0	0	0	0	0	0	0	0	0	3.27961523112659	11.7984413609617	0	8.99238747362737	0	0	3.93794812935733	0.760787042190741	0	0	0	4.20907209923712	0	0	0	0	0	0	0	0	1.79801640703251	5.42683631258194	0	0	0	0	4.56328076759836	0	0	0	0
ENSMUSG00000040732	16.0749287577831	8.87156026488387	0	0	0	3.85437544607623	0	0	0	13.9182808222931	9.06666300307872	9.82277928397399	0	0	0	0	0	0	3.85190525545875	0	16.1383164578202	0	7.09338755853443	0	0	5.86196926124483	0	6.95282225273547	0	0	0	0	0	2.77771962506776	7.37320695788399	0	5.63545235901435	0	0	0	0	0	16.611274373887	0	3.91412545179212	0	0	0	0	0	0	0	0	6.72659011110872	0	0	0	0	0	7.15087417189082	0	0	0	0	0	0	0	0	0	0	0	0	11.0099011979485	0	0	0	1.99720594826292	0	0	0	0	0	0	0	0	0	0	0	0	6.0270711211889	6.48764042149862	0	0	0	0	0	0	0	0	0
ENSMUSG00000025959	0	0	0	0	0	0	0	0	0	0	0	0	0	0	0	0	0	0	0	0	0	0	0	0	0	0	0	0	0	0	0	0	0	0	0	0	0	0	0	0	0	0	0	0	0	0	0	0	0	0	0	0	0	0	0	0	0	0	0	0	0	0	0	0	0	0	0	0	0	0	0	0	0	0	0	0	0	0	0	0	0	0	0	0	0	0	0	0	0	0	0	0	0	0	0	0	0	0	0	0
ENSMUSG00000000317	0	0	0	0	0	0	0	0	0	0	0	0	0	0	0	0	0	0	0	0	0	0	0	0	0	0	0	0	0	0	0	0	0	0	0	0	0	0	0	0	0	0	0	0	0	0	0	0	0	0	0	0	0	0	0	0	0	0	0	0	0	0	0	0	0	0	0	0	0	0	0	0	0	0	0	0	0	0	0	0	0	0	0	0	0	0	0	0	0	0	0	0	0	0	0	0	0	0	0	0
ENSMUSG00000020160	0	0	0	0	0	0	0	0	0	0	0	7.55164245297945	0	0.275750280935561	0	0	0.141393108946183	0	5.09929381801786	0	0	0	0	0	0	11.3279679999692	0	0	0	0	7.84949415885019	0	0	0	0	0	0	0	3.05838006950572	6.29551275003536	0	0	0	0	3.3457993789013	0	0	5.52419924309537	0	0	0	0	0	0	0	0	0	0	0	0	0	0	0	0	0	0	0	0	0	0	8.85786049795994	0	0	0	0	0	0	0	0	0	0	0	0	0	0	0	0	0	0	0	5.2498625745929	0	0	0	0	0	0	0	0	0
ENSMUSG00000064141	0	0	0	0	0	0	0	0	0	0	0	0	0	0	0	0	0	0	0	0	0	0	0	0	0	0	0	0	0	0	0	0	0	0	0	0	0	0	0	0	0	0	0	0	0	0	0	0	0	0	0	0	0	0	0	0	0	0	0	0	0	0	0	0	0	0	0	0	0	0	0	0	0	0	0	0	0	0	0	0	0	0	0	0	0	0	0	0	0	0	0	0	0	0	0	0	0	0	0	0
ENSMUSG00000032035	9.58519491258518	5.76838378217567	0	0	0	8.19776518603494	0	0	0	7.03530560714046	7.08149679150775	11.5238304628392	0	0	0	0	11.6793211900599	0	16.340874386401	3.58221649136334	10.0522285834043	0	0.149934175637103	1.67067770856852	0	5.3116667021244	11.7412113781415	3.01468655086659	0	0	7.15750204802869	0.43031300112963	10.1516312449574	0	5.34781279474768	0	2.96542078933162	0	12.6856762204008	9.71148367318568	0	0	0.820424755887133	0	12.7117435937158	0	0.0887806111339265	7.70240330081877	0	3.79899423233962	0	0	0	9.48002997914559	0	0	0	0	0	0.53268750490276	0	0	0	0	0	0	0	0	0	0.0756932217851881	0.211808630080005	0	7.96187564068586	0	0	12.1696165166528	6.90748891054185	0	0	0	0	0	0	0	0	0	0	0	0	3.75176373189223	1.46674102444536	0	0	0	0	0	0	0	0	0
ENSMUSG00000050919	0	0	0	0	0	0	0	0	0	0	0	0	0	0	0	0	0	0	0	0	0	0	0	0	0	0	0	0	0	0	0	0	0	0	0	0	0	0	0	0	0	0	0	0	0	0	0	0	0	0	0	0	0	0	0	0	0	0	0	0	0	0	0	0	0	0	0	0	0	0	0	0	0	0	0	0	0	0	0	0	0	0	0	0	0	0	0	0	0	0	0	0	0	0	0	0	0	0	0	0
ENSMUSG00000031627	6.53497688964356	5.96912215170818	21.9131594202545	0	0	3.41242675754784	0	11.7894000852363	0	0	0	13.9874586230551	0	6.23585757556709	0	0	0	0	6.30207806141532	9.0518564790979	6.31770105166629	0	12.5844361114794	12.7782013324805	0	6.52388601790439	0.0617972075347551	0	0	0	1.32013720102938	0.160832419825405	0.0058084913705427	7.0736836347609	0.887661026490427	0	0	0	0	0	0	0	0	0	3.99257041052974	0	1.10801332016411	0.502507822792787	0	1.1539301743662	0	0	0	0.552683018343339	0	0	0	0	0	7.92121851515772	0	0	0	0	0	0	0	0	0	0.787609255400299	0.695670424448732	0	7.92082763511081	0	0	11.9562255143519	0	0	0	0	12.7913059608393	0	0	0	0	0	0	0	0	0	4.70451962772683	0	0	0	0	0	0	0	0	0
ENSMUSG00000069378	0	0	0	0	0	0	0	0	0	0	0	0	0	0	0	0	0	0	0	0	0	0	0	0	0	0	0	0	0	0	0	0	0	0	0	0	0	0	0	0	0	0	0	0	0	0	0	0	0	0	0	0	0	0	0	0	0	0	0	0	0	0	0	0	0	0	0	0	0	0	0	0	0	0	0	0	0	0	0	0	0	0	0	0	0	0	0	0	0	0	0	0	0	0	0	0	0	0	0	0
ENSMUSG00000044167	5.86175190895306	10.4834043565414	0	0	0	5.80929559395214	0	0	0	0	0	0	0	0	0	0	0	0	2.62471425643776	0	10.6068988825071	0	1.92487092410251	0	0	11.5912396551846	0	0	0	0	0	0	0	0	6.17160830494808	0	0	0	0	0	0	0	0	0	11.0678844141387	0	4.96748219237745	0	0	1.58866097931857	0	0	0	0	0	0	0	0	0	8.80604218196022	0	0	0	0	0	0	0	0	0	0	5.31223690508358	0	0	0	0	0	0	0	0	0	0	0	0	0	0	0	0	0	0	0	3.5767389629425	0	0	0	0	3.30186847784693	0	0	0	0
ENSMUSG00000031103	0	0	0	0	0	0	0	0	0	0	0	0	0	0	0	0	0	0	0	0	0	0	0	0	0	0	0	0	0	0	0	0	0	0	0	0	0	0	0	0	0	0	0	0	0	0	0	0	0	0	0	0	0	0	0	0	0	0	0	0	0	0	0	0	0	0	0	0	0	0	0	0	0	0	0	0	0	0	0	0	0	0	0	0	0	0	0	0	0	0	0	0	0	0	0	0	0	0	0	0
ENSMUSG00000025529	0	0	0	0	0	0	0	0	0	0	0	0	0	0	0	0	0	0	0	0	0	0	0	0	0	0	0	0	0	0	0	0	0	0	0	0	0	0	0	0	0	0	0	0	0	0	0	0	0	0	0	0	0	0	0	0	0	0	0	0	0	0	0	0	0	0	0	0	0	0	0	0	0	0	0	0	0	0	0	0	0	0	0	0	0	0	0	0	0	0	0	0	0	0	0	0	0	0	0	0
ENSMUSG00000029553	0	0	0	0	0	0	0	0	0	0	0	0	0	0	0	0	0	0	0	0	0	0	0	0	0	0	0	0	0	0	0	0	0	0	0	0	0	0	0	0	0	0	0	0	0	0	0	0	0	0	0	0	0	0	0	0	0	0	0	0	0	0	0	0	0	0	0	0	0	0	0	0	0	0	0	0	0	0	0	0	0	0	0	0	0	0	0	0	0	0	0	0	0	0	0	0	0	0	0	0
ENSMUSG00000006311	15.212824688001	9.33511865417107	0	0	0	2.94181772792041	0	0	0	4.33795353367207	3.87531120344205	4.24334620073748	0	1.27721598622712	0	0	0.835877550288929	0	9.84965910751788	0	16.3786481265566	0	11.6538607952436	0	0	16.4157949667053	0	12.4338076504712	0	0	0	0	0	0.141510837517874	11.1810681927171	0	0.110638416504716	0	0	6.46628066873529	0	0	10.0442777104817	0	6.90947118099821	0	0	0	0	1.87991667038418	0	0	0	9.59942987206579	0	0	0	0	0	13.1839649181824	0	0	0	0	0	0	0	0	0	0.0416557692639278	0	0	4.00689734570795	0	0	0	16.83003198094	0	0	0	0	0	0	0	0	0	0	0	0	8.61100317788205	4.43411734186578	0	0	0	0	0	0	0	0	0
ENSMUSG00000055435	0	0	0	0	0	2.25991582795592	0	0	0	3.36253314826659	0.0992820955247256	6.74522920066213	0	4.49719438389117	0	0	0	0	8.04450883103935	0	0	0	1.83755292991012	0	0	0	9.19002336877632	3.67290602101743	0	0	0.80394669984	8.11331771689154	0	0	0	0	5.80444701830053	0	1.50739222563572	3.81667177406722	0	0	0	0	6.45625149071973	0	0	1.91806931715657	0	0.377971321957209	0	0	0	1.31382727156268	0	0	0	0	0	0	0	0	0	0	0	0	0	0	0	6.32429252648901	0	0	2.26037723894889	0	0	9.36892662912292	7.73136344606462	0	0	0	0	0	0	0	0	0	0	0	0	0	9.95448290835206	0	0	0	0	0	0	0	0.876420355134237	0
ENSMUSG00000022895	0	0	0	0	0	0	0	0	0	0	0	0	0	0	0	0	0	0	0	0	0	0	0	0	0	0	0	0	0	0	0	0	0	0	0	0	0	0	0	0	0	0	0	0	0	0	0	0	0	0	0	0	0	0	0	0	0	0	0	0	0	0	0	0	0	0	0	0	0	0	0	0	0	0	0	0	0	0	0	0	0	0	0	0	0	0	0	0	0	0	0	0	0	0	0	0	0	0	0	0
ENSMUSG00000053477	0	1.09983061700116	0	0	0	0	0	0	0	0	0	0.0116132154188228	0	0	0	0	2.17078283297204	0	0	0	0	0	10.3518697195036	0	0	1.96035289428248	6.02171161128196	12.6900975460938	0	0	0	0	0	0	0	0	0	0	0	0	0	0	0	0	13.7717772184833	0	0	0	0	0	0	0	0	0	0	0	0	0	0	0	0	0	0	0	0	0	0	0	0	0	0	0	9.5510191203915	0	0	0	0	0	0	0	0.129841228325492	0	0	0	0	0	0	0	0	0	0	0	0	0	0	2.31139962128348	0	0	0	0
ENSMUSG00000018604	0	0	0	0	0	0	0	0	0	0	0	0	0	0	0	0	0	0	0	0	0	0	0	0	0	0	0	0	0	0	0	0	0	0	0	0	0	0	0	0.609584749714582	0	0	0	0	9.44950576490528	0	0	1.40452971379684	0	0	0	0	0	0	0	0	0	0	0	0	0	0	0	0	0	0	0	0	0	0	0	0	0	0	0	0	0	0	0	0	0	0	0	0	0	0	0	0	0	0	0	0	0	0	0	0	0	0	0	0
ENSMUSG00000008398	5.37836507482071	0	0	0	0	1.37746600705266	0	0	0	8.41963734230927	0	10.9749997036557	0	0	0	0	0	0	0	0	0	0	12.6592825743436	0	0	0	0	0	0	0	0	0	0	0	1.26015449328754	0	2.41645159656696	0	0	0	0	0	11.6129229371257	0	1.13402952854028	0	0	0	0	0	0	0	0	0	0	0	0	0	0	0.3693325472239	0	0	0	0	0	0	0	0	0	6.60555388149372	0	0	1.51631822935579	0	0	0	0	0	0	0	0	0	0	0	0	0	0	0	0	0	0	0	0	0	0	0	0	0	0	0
ENSMUSG00000029178	0	0	0	0	0	0	0	0	0	0	0	0	0	0	0	0	0	0	0	0	0	0	0	0	0	0	0	0	0	0	0	0	0	0	0	0	0	0	0	0	0	0	0	0	0	0	0	0	0	0	0	0	0	0	0	0	0	0	0	0	0	0	0	0	0	0	0	0	0	0	0	0	0	0	0	0	0	0	0	0	0	0	0	0	0	0	0	0	0	0	0	0	0	0	0	0	0	0	0	0
ENSMUSG00000024238	0.313554326252824	10.4270120942058	1.59423819679691	0	0	9.79480877873845	0	6.10867877228235	0	7.04141138104334	0	0.0039687532170252	0	9.51389519725965	0	0	4.01553327271912	0	8.03185537188187	0	11.069754806923	0	0	10.4285103749718	0	5.70522188125146	2.02187432660784	11.1523053028141	0	0	3.69262847018934	10.9667605427147	0	0	9.87027434496248	0	5.04808028167145	0	4.41078943289306	7.87117074988934	0	1.20702248769908	0	0	17.1966582734185	0	1.26140554435479	2.94341158381569	0	12.0435618013092	0	0	0	5.93712076574134	0	0	0	0	0	4.82588464247356	0	0	0	0	0	0	0	0	0	3.35345051112224	12.5981930837414	0	0.0850021120471661	0	0	3.22229318166028	8.55415954747601	0	0	0	0	0	0	0	0	0	0	0	0	0	10.0354631788916	0	0	0	0	7.23555168619114	0	0	0.579720830580913	0
ENSMUSG00000027684	8.95262867921611	0	0	0	0	8.21976905123699	0	0	0	0	0	0	0	0	0	0	3.41119257802059	0	0	0	0	0	0	0	0	0	0	0	0	0	0	0	0	0	0	0	0	0	0	0	0	0	0	0	0	0	0	0	0	9.19070692626262	0	0	0	0	0	0	0	0	0	0	0	0	0	0	0	0	0	0	0	0	0.56357133741288	0	0	0	0	0	0	0	0	0	0	0	0	0	0	0	0	0	0	0	11.7065643985755	0	0	0	0	11.6152645710076	0	0	0	0
ENSMUSG00000062327	7.31215158802459	0	0	0	0	0	0	0	0	5.29882629241411	0	12.2297416560115	0	0	0	0	0	0	8.55957662019057	0	0	0	10.389322591726	1.14721551782234	0	3.29332485267775	6.85661674029253	0	0	0	3.94987080853359	0	0	0	8.11638583601952	0	0	0	0	12.5493623741658	0	0	0	0	8.89640818915369	0	0	0	0	0	0	0	0	0.608932511685369	0	0	0	0	0	0	0	0	0	0	0	0	0	0	0	0	6.78243788923216	0	0	0	0	0	0	0	0	0	0	0	0	0	0	0	0	0	0	6.53651930205421	0	0	0	0	0	0	0	0	17.0793985615125	0
ENSMUSG00000028565	0	4.22895053372409	0	0	0	9.09622035608999	0	0	0	7.26712128758721	0	0	0	0	0	0	0	0	0	0	0	0	0	0	0	0	14.4595412553906	0	0	0	0	0	0	0	0	0	0	0	0	4.6726618281644	0	0	0	0	0	0	0	0	0	8.26277096011312	0	0	0	0.109464496036436	0	0	0	0	0	0	0	0	0	0	0	0	0	0	0	0	0	0	0	0	0	0	1.52300293151171	0	0	0	0	0	0	0	0	0	0	0	0	0	3.25345096046544	0	0	0	0	0	0	0	2.64208314240082	0
ENSMUSG00000000078	4.25785618791615	5.20415142014146	0	0	0	0.338046224648229	0	9.01884083701058	0	9.21837887910161	9.04116651426493	9.4447617011707	0	11.8726047770837	0	0	10.893721256058	0	4.34082893956027	7.86486178339607	0.930187963290576	0	2.30811560373855	4.25342507754943	0	14.3808283041376	0	1.96244806677688	0	0	11.5015390900476	9.42885744666138	7.11388991237428	10.5690507762998	2.83280536523579	0	0.236824713383178	0	0.447813506223575	12.7262077443734	0	5.96275161644305	7.00606849427551	0	3.96726319228695	0	7.71882719790736	7.89047284512069	0	9.65142814099113	0	0	0	8.5573434701965	0	0	0	0	0	0.063556726073585	0	0	0	0	0	0	0	0	0	7.07941408051763	9.51891603019534	0	6.43406815747924	0	0	6.61596819561366	2.54384720291966	0	0	0	0	0	0	0	0	0	0	0	0	7.2773157454832	8.23487364684062	0	0	0	0	7.3210487873844	0	0	0	0
ENSMUSG00000023902	0	0	0	0	0	0	0	0	0	9.84742166011999	0	0	0	0	0	0	0	0	0	0	0	0	0	0	0	0	0	0	0	0	0	12.7082636402629	0	0	0	0	0	0	0	0	0	0	0	0	2.46270650109218	0	0	0	0	0	0	0	0	0	0	0	0	0	0	0	0	0	0	0	0	0	0	0	0	0	0	0	0	0	0	0	0	0	0	0	0	0	0	0	0	0	0	0	0	0	0	0	0	0	0	0	0	0	0	0
ENSMUSG00000027583	0	0	0	0	0	0	0	0	0	0	0	0	0	0	0	0	0	0	0	0	0	0	0	0	0	0	0	0	0	0	0	0	0	0	0	0	0	0	0	0	0	0	0	0	0	0	0	0	0	0	0	0	0	0	0	0	0	0	0	0	0	0	0	0	0	0	0	0	0	0	0	0	0	0	0	0	0	0	0	0	0	0	0	0	0	0	0	0	0	0	0	0	0	0	0	0	0	0	0	0
ENSMUSG00000028163	0	0	0	0	0	0	0	0	0	0	0	0	0	0	0	0	0	0	0	0	0	0	0	0	0	0	0	0	0	0	0	0	0	0	0	0	0	0	0	0	0	0	0	0	0	0	0	0	0	0	0	0	0	0	0	0	0	0	0	0	0	0	0	0	0	0	0	0	0	0	0	0	0	0	0	0	0	0	0	0	0	0	0	0	0	0	0	0	0	0	0	0	0	0	0	0	0	0	0	0
ENSMUSG00000038227	6.14356178823028	0	0	0	0	0	0	0	0	0	0	9.94408650399647	0	8.7445220565435	0	0	0	0	0	0	0	0	4.34394534568601	0	0	0	0	0	0	0	0	0	0	0	0	0	0	0	0	0	0	0	0	0	0	0	0	16.2205072696506	0	0	0	0	0	0	0	0	0	0	0	0	0	0	0	0	0	0	0	0	0	0	9.26325619071492	0	0	0	0	0	0	0	0	0	0	0	0	0	0	0	0	0	0	0	0	0	0	0	0	0	0	0	0	0
ENSMUSG00000024985	6.61084580575727	7.02450469176121	0	0	0	0.792584868645886	0	0.299194595286339	0	2.72424729000856	6.08529315046103	1.05201166573014	0	5.62440191746059	0	0	8.31520088319812	0	6.85801055663568	7.26346359738295	4.14491623454049	0	7.02742016901643	9.7529154920022	0	9.37824423824419	3.90072061724492	8.84423163043697	0	0	0	0	8.99216701427555	0	1.86323911651209	0	5.01172169759378	0	1.20354467444883	0.537080492184944	0	0	0	0	0.079105015153152	0	4.92483850839183	6.93212071922679	0	5.54526168170718	0	0	0	9.19530053882346	0	0	0	0	0	11.2499463099497	0	0	0	0	0	0	0	0	0	5.01534051016239	11.623630270476	0	2.69202201712374	0	0	0.286359884554176	9.07696336751394	0	0	0	5.33054518553036	0	0	0	0	0	0	0	0	11.4449852912587	5.26331544952354	0	0	0	0	8.82202142764428	0	0	0	0
ENSMUSG00000053007	0	0	0	0	0	0	0	0	0	0	0	0	0	0.0703682167598755	0	0	2.11262909909246	0	7.55584837656439	6.34897612845792	0.246003538354648	0	7.1930967329636	13.0021262235257	0	0	0.90855769595324	0	0	0	0	0	0	0	0	0	0	0	0	0	0	9.399907016328	0	0	12.0283375845081	0	1.14358729434583	0	0	0	0	0	0	0	0	0	0	0	0	6.94260657075414	0	0	0	0	0	0	0	0	0	0	0	0	13.3726187358422	0	0	8.56902622039478	0	0	0	0	0	0	0	0	0	0	0	0	0	0	0	0	0	0	0	0	0	0	0	0
ENSMUSG00000022150	0	0	0	0	0	0	0	0	0	0	0	0	0	0	0	0	0	0	0	0	0	0	0	0	0	0	0	0	0	0	0	0	0	0	0	0	0	0	0	0	0	0	0	0	0	0	0	0	0	0	0	0	0	0	0	0	0	0	0	0	0	0	0	0	0	0	0	0	0	0	0	0	0	0	0	0	0	0	0	0	0	0	0	0	0	0	0	0	0	0	0	0	0	0	0	0	0	0	0	0
ENSMUSG00000040929	0	9.35826820877511	0	0	0	0	0	0	0	0	0	0	0	0	0	0	0	0	11.5846060713606	0	0	0	11.415473072924	6.00675153095108	0	0	0	1.68854317924259	0	0	4.89720911496752	0	0	0	0	0	0	0	0	0	0	0	0	0	14.4537244083084	0	0	9.0031677656062	0	0	0	0	0	0	0	0	0	0	0	0	0	0	0	0	0	0	0	0	0	0	0	0	10.7391050920246	0	0	0	0	0	0	0	0	0	0	0	0	0	0	0	0	0	0	0	0	0	0	0	0	0	0	0
ENSMUSG00000046470	0	0	0	0	0	0	0	0	0	0	0	0	0	0	0	0	0	0	0	0	0	0	0	0	0	0	0	0	0	0	0	0	0	0	0	0	0	0	0	0	0	0	0	0	0	0	0	0	0	0	0	0	0	0	0	0	0	0	0	0	0	0	0	0	0	0	0	0	0	0	0	0	0	0	0	0	0	0	0	0	0	0	0	0	0	0	0	0	0	0	0	0	0	0	0	0	0	0	0	0
ENSMUSG00000024406	10.8580640332643	5.06566905287322	2.33599471605234	0	0	0	0	6.71071610818542	0	12.0211698931852	0	9.4479166646919	0	0.196342585657778	0	0	9.21496979131725	0	3.45074435032526	4.16817417312151	2.31734521106204	0	3.15169309960773	6.63142266178087	0	6.07224033232112	2.06066300725246	0	0	0	6.59903630564058	8.98963816729765	0.201131749195047	2.85987904052714	2.85640442942142	0	0	0	6.63390341110245	3.46504737791475	0	0	0	0	0.0844784468690731	0	0.329055454870355	0.227733181963342	0	11.4591932157604	0	0	0	13.3023774516271	0	0	0	0	0	0.487440372209664	0	0	0	0	0	0	0	0	0	2.19606781140369	5.74135811938704	0	7.63980771406887	0	0	0	6.89259124717629	0	0	0	0	0	0	0	0	0	0	0	0	3.8187786576576	0	0	0	0	0	8.32694434019609	0	0	0	0
ENSMUSG00000020484	0	0	0	0	0	0	0	0	0	0	0	0	0	0	0	0	0	0	0	0	0	0	0	0	0	0	0	0	0	0	0	0	0	0	0	0	0	0	0	0	0	0	0	0	0	0	0	0	0	0	0	0	0	0	0	0	0	0	0	0	0	0	0	0	0	0	0	0	0	0	0	0	0	0	0	0	0	0	0	0	0	0	0	0	0	0	0	0	0	0	0	0	0	0	0	0	0	0	0	0
ENSMUSG00000000094	4.07702481486444	0	0	0	0	0	0	0	0	11.4838800972089	0	0	0	0	0	0	0	0	0	0	0	0	6.51965070705677	0	0	0	0	0	0	0	0	4.13265864986515	0	0	0	0	0	0	0	9.63366806507282	0	0	0	0	0.0583834801536043	0	0	0	0	0	0	0	0	5.72535039350414	0	0	0	0	0	7.87535601240194	0	0	0	0	0	0	0	0	0	17.8594213039347	0	0	7.23302737953012	0	0	0	0	0	0	0	0.509211917639538	0	0	0	0	0	0	0	0	0	0	0	0	0	0	0	0	0	3.68501195597939	0
ENSMUSG00000024140	0.440337989158787	0	0	0	0	1.65878190371378	0	0	0	0	0	0	0	0	0	0	0	0	0	0	0	0	7.47992726667464	0	0	0	0	0	0	0	0	0	0	0	0	0	0	0	0	0	0	0	0	0	0	0	0	0	0	11.0320666145692	0	0	0	0	0	0	0	0	0	8.67613732848273	0	0	0	0	0	0	0	0	0	0	2.43598293589084	0	6.59897765213816	0	0	0	1.98933090347486	0	0	0	0	0	0	0	0	0	0	0	0	0	0	0	0	0	0	0	0	0	0	0
ENSMUSG00000063632	0	0	0	0	0	0	0	0	0	0	0	0	0	0	0	0	0	0	0	0	0	0	0	0	0	0	0	0	0	0	0	0	0	0	0	0	0	0	0	0	0	0	0	0	0	0	0	0	0	0	0	0	0	0	0	0	0	0	0	0	0	0	0	0	0	0	0	0	0	0	0	0	0	0	0	0	0	0	0	0	0	0	0	0	0	0	0	0	0	0	0	0	0	0	0	0	0	0	0	0
ENSMUSG00000044220	10.3782691927572	4.17926753288742	0	0	0	0	0	0	0	0	0	2.95705687926509	0	11.9580667160938	0	0	0	0	1.46289968069433	0	0	0	7.38866912639611	6.59003377613895	0	1.38748257136467	8.42606287876474	0.846267054928236	0	0	0	0	0	0	11.0689869287203	0	0	0	0	0	0	0	1.67304309102724	0	0	0	0	0	0	0	0	0	0	6.4249164048031	0	0	0	0	0	0	0	0	0	0	0	0	0	0	0	0	0	0	13.795860982455	0	0	0	0	0	0	0	0	0	0	0	0	0	0	0	0	0	1.11877797684328	0	0	0	0	0	0	0	5.13257808917185	0
ENSMUSG00000025902	0.793267833126122	0.664196015022171	0	0	0	0	0	0	0	0	0	0	0	1.04604943761538	0	0	0	0	0	0	0	0	0	0	0	0	0	0	0	0	0	12.4069695083485	0	0	8.88923912037954	0	0	0	0	0	0	0	0	0	2.81126347301623	0	0	7.04472533566883	0	0	0	0	0	0	0	0	0	0	0	1.49678724284801	0	0	0	0	0	0	0	0	0	0	0	0	10.7954062327796	0	0	0	0	0	0	0	0	0	0	0	0	0	0	0	0	0	0	0	0	0	0	0	0	0	0	0
ENSMUSG00000026628	0	0	0	0	0	0	0	0	0	0	0	0	0	0	0	0	0	0	0	0	0	0	0	0	0	0	0	0	0	0	0	0	0	0	0	0	0	0	0	0	0	0	0	0	0	0	0	0	0	0	0	0	0	0	0	0	0	0	0	0	0	0	0	0	0	0	0	0	0	0	0	0	0	0	0	0	0	0	0	0	0	0	0	0	0	0	0	0	0	0	0	0	0	0	0	0	0	0	0	0
ENSMUSG00000040270	0	10.3186635994437	0	0	0	0	0	0	0	0	0	0	0	0	0	0	0	0	12.3309336181042	0	0	0	0	0	0	12.866076396789	7.21979897327598	0	0	0	0.0045118888124048	0	0	0	0	0	0.286832720466963	0	0	0	0	0	0	0	0	0	0	3.51474649436343	0	0	0	0	0	0	0	0	0	0	0	8.82616896924279	0	0	0	0	0	0	0	0	0	0	0	0	2.947321612698	0	0	0	0	0	0	0	0	0	0	0	0	0	0	0	0	0	11.4746566982539	0	0	0	0	0	0	0	0	0
ENSMUSG00000020185	0	0	0	0	0	0	0	0	0	0	0	0	0	0	0	0	0	0	0	0	0	0	0	0	0	0	0	0	0	0	0	0	0	0	0	0	0	0	0	0	0	0	0	0	0	0	0	0	0	0	0	0	0	0	0	0	0	0	0	0	0	0	0	0	0	0	0	0	0	0	0	0	0	0	0	0	0	0	0	0	0	0	0	0	0	0	0	0	0	0	0	0	0	0	0	0	0	0	0	0
ENSMUSG00000057098	11.3279304559161	5.75454560618039	0	0	0	15.8366808647864	0	3.24179041361986	0	4.31746478575754	0	13.0263988107456	0	4.64263105153353	0	0	5.71760699241842	0	11.3469174899014	1.58957585992139	4.40174488643873	0	5.82901139338599	3.06201211172968	0	8.47184026218676	2.89002731920693	0.228393881532999	0	0	1.27528253041744	13.1935149360099	0	0	4.83223788986126	0	0	0	0.118284406691777	6.65335555475925	0	0	0	0	5.32792770824614	0	0	0.180646720211763	0	9.19334450565631	0	0	0	6.96357969849246	0	0	0	0	0	8.7851731114345	0	0	0	0	0	0	0	0	0	0.218769374568087	7.00925113266782	0	8.10292760476188	0	0	6.80780615260867	0	0	0	0	0	0	0	0	0	0	0	0	0	3.65644054217182	0.658534253972593	0	0	0	0	0	0	0	4.0212070143039	0
ENSMUSG00000038236	0	0	0	0	0	0	0	0	0	0	0	0	0	0	0	0	0	0	0	0	0	0	0	0	0	0	0	0	0	0	0	0	0	0	0	0	0	0	0	0	0	0	0	0	0	0	0	0	0	0	0	0	0	0	0	0	0	0	0	0	0	0	0	0	0	0	0	0	0	0	0	0	0	0	0	0	0	0	0	0	0	0	0	0	0	0	0	0	0	0	0	0	0	0	0	0	0	0	0	0
ENSMUSG00000055148	0	0	0	0	0	0	0	0	0	0	0	0	0	0	0	0	0	0	0	0	0	0	0	0	0	0	0	0	0	0	0	0	0	0	0	0	0	0	0	0	0	0	0	0	0	0	0	0	0	0	0	0	0	0	0	0	0	0	0	0	0	0	0	0	0	0	0	0	0	0	0	0	0	0	0	0	0	0	0	0	0	0	0	0	0	0	0	0	0	0	0	0	0	0	0	0	0	0	0	0
ENSMUSG00000027210	0	0	0	0	0	0	0	0	0	0	0	0	0	0	0	0	0	0	9.97183046830551	0	0	0	0	0	0	0	0	0	0	0	2.19715537345085	0	0	0	0	0	0	0	2.02966234471179	10.5114688873012	0	0	0	0	0	0	0	1.91773999577914	0	0	0	0	0	0	0	0	0	0	0	0	0	0	0	0	0	0	0	0	0	0	0	0	0	0	0	0	0	0	0	0	0	0	0	0	0	0	0	0	0	0	2.87140166163313	0	0	0	0	0	0	0	0	0
ENSMUSG00000030788	0	0	0	0	0	0	0	0	0	0	0	0	0	0	0	0	0	0	0	0	0	0	0	0	0	0	0	0	0	0	0	0	0	0	0	0	0	0	0	0	0	0	0	0	0	0	0	0	0	0	0	0	0	0	0	0	0	0	0	0	0	0	0	0	0	0	0	0	0	0	0	0	0	0	0	0	0	0	0	0	0	0	0	0	0	0	0	0	0	0	0	0	0	0	0	0	0	0	0	0
ENSMUSG00000042439	0	0	0	0	0	0	0	0	0	0	0	0	0	0	0	0	0	0	0	0	0	0	0	0	0	0	0	0	0	0	0	0	0	0	0	0	0	0	0	0	0	0	0	0	0	0	0	0	0	0	0	0	0	0	0	0	0	0	0	0	0	0	0	0	0	0	0	0	0	0	0	0	0	0	0	0	0	0	0	0	0	0	0	0	0	0	0	0	0	0	0	0	0	0	0	0	0	0	0	0
ENSMUSG00000048402	0	0	0	0	0	0	0	0	0	0	0	0	0	0	0	0	0	0	0	0	0	0	0	0	0	0	0	0	0	0	0	0	0	0	0	0	0	0	0	0	0	0	0	0	0	0	0	0	0	0	0	0	0	0	0	0	0	0	0	0	0	0	0	0	0	0	0	0	0	0	0	0	0	0	0	0	0	0	0	0	0	0	0	0	0	0	0	0	0	0	0	0	0	0	0	0	0	0	0	0
ENSMUSG00000032446	6.75734196827032	0	0	0	0	8.69146886959385	0	0	0	3.52925857006221	1.13081797942908	9.8497438459252	0	0	0	0	0	0	0	0	0	0	9.64155759454022	0	0	0	0	0	0	0	6.30178245648171	0	0	0	5.72615240882818	0	11.0913243232196	0	0	3.18782316031698	0	0	0	0	0	0	0	5.77544437990749	0	0	0	0	0	0	0	0	0	0	0	15.1665054387064	0	0	0	0	0	0	0	0	0	0	5.2021964756617	0	1.8473911331728	0	0	0	0	0	0	0	0	0	0	0	0	0	0	0	0	11.621734858703	0	0	0	0	0	0	0	0	12.955377136985	0
ENSMUSG00000030341	0	0	0	0	0	0	0	0	0	0	0	0	0	0	0	0	0	0	0	0	0	0	0	0	0	0	0	0	0	0	0	0	0	0	0	0	0	0	0	0	0	0	0	0	0	0	0	0	0	0	0	0	0	0	0	0	0	0	0	0	0	0	0	0	0	0	0	0	0	0	0	0	0	0	0	0	0	0	0	0	0	0	0	0	0	0	0	0	0	0	0	0	0	0	0	0	0	0	0	0
ENSMUSG00000027361	0	0	0	0	0	0	0	0	0	0	0	0	0	0	0	0	0	0	0	0	0	0	0	0	0	0	0	0	0	0	0	0	0	0	0	0	0	0	0	0	0	0	0	0	0	0	0	0	0	0	0	0	0	0	0	0	0	0	0	0	0	0	0	0	0	0	0	0	0	0	0	0	0	0	0	0	0	0	0	0	0	0	0	0	0	0	0	0	0	0	0	0	0	0	0	0	0	0	0	0
ENSMUSG00000027547	0	0	0	0	0	0	0	0	0	0	0	0	0	0	0	0	0	0	0	0	0	0	0	0	0	0	0	0	0	0	0	0	0	0	0	0	0	0	0	0	0	0	0	0	0	0	0	0	0	0	0	0	0	0	0	0	0	0	0	0	0	0	0	0	0	0	0	0	0	0	0	0	0	0	0	0	0	0	0	0	0	0	0	0	0	0	0	0	0	0	0	0	0	0	0	0	0	0	0	0
ENSMUSG00000000938	0	0	0	0	0	0	0	0	0	0	0	0	0	0	0	0	0	0	0	0	0	0	0	0	0	0	0	0	0	0	0	0	0	0	0	0	0	0	0	0	0	0	0	0	0	0	0	0	0	0	0	0	0	0	0	0	0	0	0	0	0	0	0	0	0	0	0	0	0	0	0	0	0	0	0	0	0	0	0	0	0	0	0	0	0	0	0	0	0	0	0	0	0	0	0	0	0	0	0	0
ENSMUSG00000068551	0	0	0	0	0	0	0	0	0	0	0	0	0	0	0	0	0	0	0	0	0	0	0	0	0	0	0	0	0	0	0	0	0	0	0	0	0	0	0	0	0	0	0	0	0	0	0	0	0	0	0	0	0	0	0	0	0	0	0	0	0	0	0	0	0	0	0	0	0	0	0	0	0	0	0	0	0	0	0	0	0	0	0	0	0	0	0	0	0	0	0	0	0	0	0	0	0	0	0	0
ENSMUSG00000018698	5.13103933621432	0.172572659275032	4.44176985682335	0	0	0	0	0	0	0	0	10.3385032394742	0	0	0	0	0	0	0	3.70753844132376	0	0	0	0	0	3.93197227661939	4.9682999086218	0	0	0	0	0	0	0	0	0	0	0	0	0	0	0	0	0	0	0	0	0	0	0	0	0	0	0	0	0	0	0	0	0	0	0	0	0	0	0	0	0	0	0	6.83978300734648	0	10.1649753388228	0	0	0	0	0	0	0	0	0	0	0	0	0	0	0	0	0	0	0	0	0	0	0	0	0	0	0
ENSMUSG00000058881	0	0	0	0	0	0	0	0	0	0	0	0	0	0	0	0	0	0	0	0	0	0	0	0	0	0	0	0	0	0	0	0	0	0	0	0	0	0	0	0	0	0	0	0	0	0	0	0	0	0	0	0	0	0	0	0	0	0	0	0	0	0	0	0	0	0	0	0	0	0	0	0	0	0	0	0	0	0	0	0	0	0	0	0	0	0	0	0	0	0	0	0	0	0	0	0	0	0	0	0
ENSMUSG00000055799	0	0	0	0	0	0	0	0	0	0	0	0	0	0	0	0	0	0	0	0	0	0	0	0	0	0	0	0	0	0	0	0	0	0	0	0	0	0	0	0	0	0	0	0	0	0	0	0	0	0	0	0	0	0	0	0	0	0	0	0	0	0	0	0	0	0	0	0	0	0	0	0	0	0	0	0	0	0	0	0	0	0	0	0	0	0	0	0	0	0	0	0	0	0	0	0	0	0	0	0
ENSMUSG00000028466	0	0	0	0	0	0	0	0	0	0	0	0	0	0	0	0	0	0	0	0	0	0	0	0	0	0	0	0	0	0	0	0	0	0	0	0	0	0	0	0	0	0	0	0	0	0	0	0	0	0	0	0	0	0	0	0	0	0	0	0	0	0	0	0	0	0	0	0	0	0	0	0	0	0	0	0	0	0	0	0	0	0	0	0	0	0	0	0	0	0	0	0	0	0	0	0	0	0	0	0
ENSMUSG00000071637	0	0	0	0	0	0	0	0	0	0	0	0	0	0	0	0	0	0	0	0	0	0	0	0	0	0	0	0	0	0	0	0	0	0	0	0	0	0	0	0	0	0	0	0	0	0	0	0	0	0	0	0	0	0	0	0	0	0	0	0	0	0	0	0	0	0	0	0	0	0	0	0	0	0	0	0	0	0	0	0	0	0	0	0	0	0	0	0	0	0	0	0	0	0	0	0	0	0	0	0
ENSMUSG00000048410	0	0	0	0	0	0	0	0	0	0	0	0	0	0	0	0	0	0	0	0	0	0	0	0	0	0	0	0	0	0	0	0	0	0	0	0	0	0	0	0	0	0	0	0	0	0	0	0	0	0	0	0	0	0	0	0	0	0	0	0	0	0	0	0	0	0	0	0	0	0	0	0	0	0	0	0	0	0	0	0	0	0	0	0	0	0	0	0	0	0	0	0	0	0	0	0	0	0	0	0
ENSMUSG00000040433	0	0	0	0	0	0	0	0	0	0	0	0	0	0	0	0	0	0	0	0	0	0	0	0	0	0	0	0	0	0	0	0	0	0	0	0	0	0	0	0	0	0	0	0	0	0	0	0	0	0	0	0	0	0	0	0	0	0	0	0	0	0	0	0	0	0	0	0	0	0	0	0	0	0	0	0	0	0	0	0	0	0	0	0	0	0	0	0	0	0	0	0	0	0	0	0	0	0	0	0
ENSMUSG00000034041	0	0	0	0	0	0	0	0	0	0	0	0	0	0	0	0	0	0	0	0	0	0	0	0	0	0	0	0	0	0	0	0	0	0	0	0	0	0	0	0	0	0	0	0	0	0	0	0	0	0	0	0	0	0	0	0	0	0	0	0	0	0	0	0	0	0	0	0	0	0	0	0	0	0	0	0	0	0	0	0	0	0	0	0	0	0	0	0	0	0	0	0	0	0	0	0	0	0	0	0
ENSMUSG00000021877	0	0	0	0	0	0	0	0	0	0	0	0	0	0	0	0	0	0	0	0	0	0	0	0	0	0	0	0	0	0	0	0	0	0	0	0	0	0	0	0	0	0	0	0	0	0	0	0	0	0	0	0	0	0	0	0	0	0	0	0	0	0	0	0	0	0	0	0	0	0	0	0	0	0	0	0	0	0	0	0	0	0	0	0	0	0	0	0	0	0	0	0	0	0	0	0	0	0	0	0
ENSMUSG00000047003	0	0	0	0	0	0	0	0	0	0	0	0	0	0	0	0	0	0	0	0	0	0	0	0	0	0	0	0	0	0	0	0	0	0	0	0	0	0	0	0	0	0	0	0	0	0	0	0	0	0	0	0	0	0	0	0	0	0	0	0	0	0	0	0	0	0	0	0	0	0	0	0	0	0	0	0	0	0	0	0	0	0	0	0	0	0	0	0	0	0	0	0	0	0	0	0	0	0	0	0
ENSMUSG00000007805	0	0	0	0	0	8.50940361510747	0	0	0	0	0	7.53338532015789	0	0	0	0	0	0	8.06310454672318	7.40259509678347	0	0	4.66562670829482	0	0	11.0091620810285	6.20818729797535	9.80487337261037	0	0	0.372370350929087	0	0	0	0	0	0	0	0	0	0	0	0	0	2.99422496504557	0	0	5.19386941848083	0	0	0	0	0	1.05197321989438	0	0	0	0	0	0	0	0	0	0	0	0	0	0	0	0	0	0	10.0782295654151	0	0	0	0	0	0	0	0	0	0	0	0	0	0	0	0	0	3.45294815652618	0	0	0	0	0	0	0	0	0
ENSMUSG00000079277	12.1450092109063	7.39087857389981	0	0	0	0	0	4.02279188654391	0	0	0	5.98667043363807	0	0	0	0	0	0	0	0	0	0	0	1.59412492819724	0	8.58054789186987	0	0	0	0	0	0	0	0	0	0	0	0	0	0	0	0	0	0	0	0	0	6.110345725591	0	12.8128360868425	0	0	0	0	0	0	0	0	0	0	0	0	0	0	0	0	0	0	0	0	0	0	0	0	0	0	0	0	0	0	0	0	0	0	0	0	0	0	0	0	0	0	0	0	0	0	0	0	0	0
ENSMUSG00000075040	0	0	0	0	0	0	0	0	0	0	0	0	0	0	0	0	0	0	0	0	0	0	0	0	0	0	0	0	0	0	0	0	0	0	0	0	0	0	0	0	0	0	0	0	0	0	0	0	0	0	0	0	0	0	0	0	0	0	0	0	0	0	0	0	0	0	0	0	0	0	0	0	0	0	0	0	0	0	0	0	0	0	0	0	0	0	0	0	0	0	0	0	0	0	0	0	0	0	0	0
ENSMUSG00000055053	0	8.2039144268877	0	0	0	6.76090353978033	0	0	0	10.143745007329	0	0	0	0	0	0	0	0	0	0	0	0	0	0	0	9.35663172071803	4.56551410368303	0	0	0	0	0	0	0	0	0	0	0	0	7.1460787633158	0	0	0	0	2.05770161530735	0	0	0	0	0.667571559188299	0	0	0	7.59087443227718	0	0	0	0	0	0	0	0	0	0	0	0	0	0	0	0	0	0	0	0	0	0	6.0541883289247	0	0	0	0	0	0	0	0	0	0	0	0	0	6.38340358857117	0	0	0	0	0	0	0	4.6726090600111	0
ENSMUSG00000033713	0	0	0	0	0	0	0	0	0	0	0	0	0	0	0	0	0	0	0	0	0	0	0	0	0	0	0	0	0	0	0	0	0	0	0	0	0	0	0	0	0	0	0	0	0	0	0	0	0	0	0	0	0	0	0	0	0	0	0	0	0	0	0	0	0	0	0	0	0	0	0	0	0	0	0	0	0	0	0	0	0	0	0	0	0	0	0	0	0	0	0	0	0	0	0	0	0	0	0	0
ENSMUSG00000026436	0	0	0	0	0	0	0	0	0	0	0	0	0	0	0	0	0	0	0	0	0	0	0	0	0	0	0	0	0	0	0	0	0	0	0	0	0	0	0	0	0	0	0	0	0	0	0	0	0	0	0	0	0	0	0	0	0	0	0	0	0	0	0	0	0	0	0	0	0	0	0	0	0	0	0	0	0	0	0	0	0	0	0	0	0	0	0	0	0	0	0	0	0	0	0	0	0	0	0	0
ENSMUSG00000016087	12.0311855974572	7.02425902190406	0	0	0	3.02211781113045	0	7.64189517229416	0	6.47475761854892	5.01942264136788	5.02702643993632	0	14.4884026933947	0	0	0	0	6.4811384109871	5.27349333578354	9.05369864323815	0	15.0961547729722	0	0	1.11816163582549	0	0.0108579337158181	0	0	0	1.05139000727889	9.63013253987803	0.422959738366164	6.50290520375962	0	9.79309515778266	0	0	6.11524225224657	0	0	9.79454133196942	0	6.84698643490448	0	7.89420381510165	0	0	10.8646239585765	0	0	0	2.80091164264796	0	0	0	0	0	0.975349690885672	0	0	0	0	0	0	0	0	0	0	0	0	16.7111117728622	0	0	0	12.0424522092172	0	0	0	0	0	0	0	0	0	0	0	0	4.64106526491071	10.4811285187513	0	0	0	0	0	0	0	0	0
ENSMUSG00000056758	0	0	0	0	0	0	0	0	0	0	0	0	0	0	0	0	0	0	0	0	0	0	0	0	0	0	0	0	0	0	0	0	0	0	0	0	0	0	0	0	0	0	0	0	0	0	0	0	0	0	0	0	0	0	0	0	0	0	0	0	0	0	0	0	0	0	0	0	0	0	0	0	0	0	0	0	0	0	0	0	0	0	0	0	0	0	0	0	0	0	2.20965617515568	0	0	0	0	0	0	0	0	0
ENSMUSG00000075588	0	0	0	0	0	0	0	0	0	0	0	0	0	0	0	0	0	0	0	0	0	0	0	0	0	0	0	0	0	0	0	0	0	0	0	0	0	0	0	0	0	0	0	0	0	0	0	0	0	0	0	0	0	0	0	0	0	0	0	0	0	0	0	0	0	0	0	0	0	0	0	0	0	0	0	0	0	0	0	0	0	0	0	0	0	0	0	0	0	0	0	0	0	0	0	0	0	0	0	0
ENSMUSG00000026104	0	0	0	0	0	0	0	0	0	0	0	0	0	0	0	0	0	0	0	0	0	0	0	0	0	0	0	0	0	0	0	0	0	0	0	0	0	0	0	0	0	0	0	0	0	0	0	0	0	0	0	0	0	0	0	0	0	0	0	0	0	0	0	0	0	0	0	0	0	0	0	0	0	0	0	0	0	0	0	0	0	0	0	0	0	0	0	0	0	0	0	0	0	0	0	0	0	0	0	0
ENSMUSG00000038700	0	0	0	0	0	0	0	0	0	0	0	0	0	0	0	0	0	0	0	0	0	0	0	0	0	0	0	0	0	0	0	0	0	0	0	0	0	0	0	0	0	0	0	0	0	0	0	0	0	0	0	0	0	0	0	0	0	0	0	0	0	0	0	0	0	0	0	0	0	0	0	0	0	0	0	0	0	0	0	0	0	0	0	0	0	0	0	0	0	0	0	0	0	0	0	0	0	0	0	0
ENSMUSG00000026398	12.5732647581021	3.79520455558355	0	0	0	0	0	0	0	0	0	9.99750121292502	0	0	0	0	0	0	0	0	0	0	0	0	0	0	0.308243432395256	0.684987679249902	0	0	6.45302568248486	0	0	0	0	0	0	0	0	8.58298293847289	0	0	0	0	0	0	0	3.5038932496923	0	0	0	0	0	0	0	0	0	0	0	3.08577901043284	0	0	0	0	0	0	0	0	0	0	0	0	15.3391298445751	0	0	0	0	0	0	0	0	0	0	0	0	0	0	0	0	0	0	0	0	0	0	0	0	0	0	0
ENSMUSG00000036139	0	0	0	0	0	0	0	0	0	0	0	0	0	0	0	0	0	0	0	0	0	0	0	0	0	0	0	0	0	0	0	0	0	0	0	0	0	0	0	0	0	0	0	0	0	0	0	0	0	0	0	0	0	0	0	0	0	0	0	0	0	0	0	0	0	0	0	0	0	0	0	0	0	0	0	0	0	0	0	0	0	0	0	0	0	0	0	0	0	0	0	0	0	0	0	0	0	0	0	0
ENSMUSG00000021972	0	0	0	0	0	0	0	0	0	0	0	0	0	0	0	0	0	0	0	0	0	0	0	0	0	0	0	0	0	0	0	0	0	0	0	0	0	0	0	0	0	0	0	0	0	0	0	0	0	0	0	0	0	0	0	0	0	0	0	0	0	0	0	0	0	0	0	0	0	0	0	0	0	0	0	0	0	0	0	0	0	0	0	0	0	0	0	0	0	0	0	0	0	0	0	0	0	0	0	0
ENSMUSG00000021506	0	9.88920315183529	0	0	0	0	0	0	0	0	0	0	0	0	0	0	0	0	0	0	0	0	0	0	0	0	0	0	0	0	8.91230590482322	0	0	0	0	0	4.55057462230393	0	0	0	0	0	0	0	0.154663750375136	0	0	7.76203714353603	0	0	0	0	0	2.5726758494799	0	0	0	0	0	4.03888091911535	0	0	0	0	0	0	0	0	0	0	0	0	0	0	0	0	0	0	0	0	0	0	0	0	0	0	0	0	0	0	0	0	0	0	0	0	0	0	0	0
ENSMUSG00000037465	0	0	0	0	0	0	0	0	0	0	0	0	0	0	0	0	0	0	0	0	0	0	0	0	0	0	0	0	0	0	0	0	0	0	0	0	0	0	0	0	0	0	0	0	0	0	0	0	0	0	0	0	0	0	0	0	0	0	0	0	0	0	0	0	0	0	0	0	0	0	0	0	0	0	0	0	0	0	0	0	0	0	0	0	0	0	0	0	0	0	0	0	0	0	0	0	0	0	0	0
ENSMUSG00000023079	0	0	0	0	0	0	0	0	0	0	0	0	0	0	0	0	0	0	0	0	0	0	0	0	0	0	0	0	0	0	0	0	0	0	0	0	0	0	0	0	0	0	0	0	0	0	0	0	0	0	0	0	0	0	0	0	0	0	0	0	0	0	0	0	0	0	0	0	0	0	0	0	0	0	0	0	0	0	0	0	0	0	0	0	0	0	0	0	0	0	0	0	0	0	0	0	0	0	0	0
ENSMUSG00000099083	0	0	0	0	0	0	0	0	0	0	0	0	0	0	0	0	0	0	0	0	0	0	0	0	0	0	0	0	0	0	0	0	0	0	0	0	0	0	0	0	0	0	0	0	0	0	0	0	0	0	0	0	0	0	0	0	0	0	0	0	0	0	0	0	0	0	0	0	0	0	0	0	0	0	0	0	0	0	0	0	0	0	0	0	0	0	0	0	0	0	0	0	0	0	0	0	0	0	0	0
ENSMUSG00000038210	0	0	0	0	0	0	0	0	0	0	0	0	0	0	0	0	0	0	0	0	0	0	0	0	0	0	0	0	0	0	0	0	0	0	0	0	0	0	0	0	0	0	0	0	0	0	0	0	0	0	0	0	0	0	0	0	0	0	0	0	0	0	0	0	0	0	0	0	0	0	0	0	0	0	0	0	0	0	0	0	0	0	0	0	0	0	0	0	0	0	0	0	0	0	0	0	0	0	0	0
ENSMUSG00000019564	0	0	0	0	0	0	0	0	0	0	0	0	0	0	0	0	0	0	0	0	0	0	0	0	0	0	0	0	0	0	0	0	0	0	0	0	0	0	0	0	0	0	0	0	0	0	0	0	0	0	0	0	0	0	0	0	0	0	0	0	0	0	0	0	0	0	0	0	0	0	0	0	0	0	0	0	0	0	0	0	0	0	0	0	0	0	0	0	0	0	0	0	0	0	0	0	0	0	0	0
ENSMUSG00000034762	4.10194807432946	0	0	0	0	0	0	0	0	0	0	6.26226936802369	0	0	0	0	5.2653677194946	0	0	0	0	0	0	0	0	0	0	0	0	0	2.3051363693872	0	0	0	2.60927984309472	0	0	0	0	0	0	0	0	0	0	0	0	0.542148941035768	0	0	0	0	0	0	0	0	0	0	0	0	0	0	0	0	0	0	0	0	0	0	0	0	3.83415917892998	0	0	0	0	0	0	0	0	0	0	0	0	0	0	0	0	0	0	0	0	0	0	0	0	0	0	0
ENSMUSG00000062991	0	0	0	0	0	0	0	0	0	0	0	0	0	0	0	0	0	0	0	0	0	0	0	0	0	0	0	0	0	0	0	0	0	0	0	0	0	0	0	0	0	0	0	0	0	0	0	0	0	0	0	0	0	0	0	0	0	0	0	0	0	0	0	0	0	0	0	0	0	0	0	0	0	0	0	0	0	0	0	0	0	0	0	0	0	0	0	0	0	0	0	0	0	0	0	0	0	0	0	0
ENSMUSG00000022346	0	0	0	0	0	0	0	0	0	0	0	0	0	0	0	0	0	0	0	0	0	0	0	0	0	0	0	0	0	0	0	0	0	0	0	0	0	0	0	0	0	0	0	0	0	0	0	0	0	0	0	0	0	0	0	0	0	0	0	0	0	0	0	0	0	0	0	0	0	0	0	0	0	0	0	0	0	0	0	0	0	0	0	0	0	0	0	0	0	0	0	0	0	0	0	0	0	0	0	0
ENSMUSG00000019256	0	0	0	0	0	0	0	0	0	0	0	0	0	0	0	0	0	0	0	0	0	0	0	0	0	0	0	0	0	0	0	0	0	0	0	0	0	0	0	0	0	0	0	0	0	0	0	0	0	0	0	0	0	0	0	0	0	0	0	0	0	0	0	0	0	0	0	0	0	0	0	0	0	0	0	0	0	0	0	0	0	0	0	0	0	0	0	0	0	0	0	0	0	0	0	0	0	0	0	0
ENSMUSG00000026890	0	0	0	0	0	0	0	0	0	0	0	0	0	0	0	0	0	0	0	0	0	0	0	0	0	0	0	0	0	0	0	0	0	0	0	0	0	0	0	0	0	0	0	0	0	0	0	0	0	0	0	0	0	0	0	0	0	0	0	0	0	0	0	0	0	0	0	0	0	0	0	0	0	0	0	0	0	0	0	0	0	0	0	0	0	0	0	0	0	0	0	0	0	0	0	0	0	0	0	0
ENSMUSG00000002393	0	0	0	0	0	0	0	0	0	0	0	0	0	0	0	0	0	0	0	0	0	0	0	0	0	0	0	0	0	0	0	0	0	0	0	0	0	0	0	0	0	0	0	0	0	0	0	0	0	0	0	0	0	0	0	0	0	0	0	0	0	0	0	0	0	0	0	0	0	0	0	0	0	0	0	0	0	0	0	0	0	0	0	0	0	0	0	0	0	0	0	0	0	0	0	0	0	0	0	0
ENSMUSG00000038151	1.12156761664647	12.4652071502992	0	0	0	9.98621804108855	0	6.81490191141468	0	6.18544894792068	0	8.49040468652319	0	4.01961961928181	0	0	6.53357989736138	0	7.84175634123049	1.365843114551	0.681321573611569	0	4.90232082198687	8.30182831052081	0	2.0673649933541	0.729739214335629	1.33358470885333	0	0	4.2971213020701	7.65396432540915	1.41377730864256	10.7055344948657	1.39800257587047	0	5.24841637224736	0	0	4.71219020188362	0	0	0	0	2.1576883832999	0	4.27883071847111	0	0	11.8297864478747	0	0	0	0.284798783561573	0	0	0	0	0	2.32494009007971	0	0	0	0	0	0	0	0	0	0	11.7040996769127	0	7.77736582385195	0	0	9.1682826204251	3.61684415101275	0	0	0	1.128722806209	0	0	0	0	0	0	0	0	0	11.0231861949705	0	0	0	0	0	0	0	8.92647537168339	0
ENSMUSG00000015522	0	0	0	0	0	0	0	0	0	0	0	0	0	0	0	0	0	0	0	0	0	0	0	0	0	0	0	0	0	0	0	0	0	0	0	0	0	0	0	0	0	0	0	0	0	0	0	0	0	0	0	0	0	0	0	0	0	0	0	0	0	0	0	0	0	0	0	0	0	0	0	0	0	0	0	0	0	0	0	0	0	0	0	0	0	0	0	0	0	0	0	0	0	0	0	0	0	0	0	0
ENSMUSG00000040289	0	0	0	0	0	0	0	0	0	0	0	0	0	0	0	0	0	0	0	0	0	0	0	0	0	0	0	0	0	0	0	0	0	0	0	0	0	0	0	0	0	0	0	0	0	0	0	0	0	0	0	0	0	0	0	0	0	0	0	0	0	0	0	0	0	0	0	0	0	0	0	0	0	0	0	0	0	0	0	0	0	0	0	0	0	0	0	0	0	0	0	0	0	0	0	0	0	0	0	0
ENSMUSG00000030544	0	0	0	0	0	0	0	0	0	0	0	0	0	0	0	0	0	0	0	0	0	0	0	0	0	0	0	0	0	0	0	0	0	0	0	0	0	0	0	0	0	0	0	0	0	0	0	0	0	0	0	0	0	0	0	0	0	0	0	0	0	0	0	0	0	0	0	0	0	0	0	0	0	0	0	0	0	0	0	0	0	0	0	0	0	0	0	0	0	0	0	0	0	0	0	0	0	0	0	0
ENSMUSG00000030199	0	0	0	0	0	0	0	0	0	0	0	0	0	0	0	0	0	0	0	0	0	0	0	0	0	0	0	0	0	0	0	0	0	0	0	0	0	0	0	0	0	0	0	0	0	0	0	0	0	0	0	0	0	0	0	0	0	0	0	0	0	0	0	0	0	0	0	0	0	0	0	0	0	0	0	0	0	0	0	0	0	0	0	0	0	0	0	0	0	0	0	0	0	0	0	0	0	0	0	0
